Pool,Mutation,Effect
Alpha,A1070S,-0.07388361
Beta,A1070S,0.083219305
Delta,A1070S,0.05504589
Epsilon,A1070S,-0.0010385215
Gamma,A1070S,-0.0007587285
Iota,A1070S,-0.08055295
Lambda,A1070S,0.055765927
Mu,A1070S,-0.024404295
Omicron/BA.1,A1070S,0.0319197
Omicron/BA.2,A1070S,-0.042707916
Omicron/BA.4+,A1070S,0.022033898
Wild Type,A1070S,-0.0034398008
bivalent,A1070S,-0.0032421462
bivalent_with_rna,A1070S,-0.01995109
cocktail,A1070S,0.012796443
double_vax,A1070S,-0.016767442
inactivated,A1070S,-0.05954241
inactivated_with_rna,A1070S,0.08064397
multiple_rna,A1070S,-0.035331346
rna,A1070S,-0.046385515
single_vax,A1070S,0.024812115
unknown,A1070S,-0.009595964
vax_with_bivalent,A1070S,0.020469835
vax_with_rna,A1070S,-0.100041315
Alpha,A1078T,0.0728482
Beta,A1078T,-0.051782876
Delta,A1078T,-0.03971443
Epsilon,A1078T,-0.051533245
Gamma,A1078T,0.10393657
Iota,A1078T,0.061176565
Lambda,A1078T,-0.01566248
Mu,A1078T,-0.03503952
Omicron/BA.1,A1078T,0.037017126
Omicron/BA.2,A1078T,0.07691445
Omicron/BA.4+,A1078T,-0.00018668827
Wild Type,A1078T,-0.018132571
bivalent,A1078T,0.110086456
bivalent_with_rna,A1078T,-0.05338604
cocktail,A1078T,0.0508987
double_vax,A1078T,-0.0289149
inactivated,A1078T,-0.034423012
inactivated_with_rna,A1078T,-0.032555737
multiple_rna,A1078T,3.9826096e-05
rna,A1078T,0.071851306
single_vax,A1078T,0.059400253
unknown,A1078T,0.020854443
vax_with_bivalent,A1078T,-0.029872697
vax_with_rna,A1078T,0.037845444
Alpha,A1078V,-0.02450279
Beta,A1078V,0.029288096
Delta,A1078V,-0.07914513
Epsilon,A1078V,-0.020052176
Gamma,A1078V,-0.049049817
Iota,A1078V,-0.0020122267
Lambda,A1078V,0.11030657
Mu,A1078V,0.044263437
Omicron/BA.1,A1078V,0.032643232
Omicron/BA.2,A1078V,-0.055681404
Omicron/BA.4+,A1078V,0.017954726
Wild Type,A1078V,0.02289561
bivalent,A1078V,-0.10086754
bivalent_with_rna,A1078V,-0.056089222
cocktail,A1078V,-0.0049673617
double_vax,A1078V,0.06892536
inactivated,A1078V,-0.026289403
inactivated_with_rna,A1078V,-0.015749805
multiple_rna,A1078V,-0.0081010675
rna,A1078V,0.02550006
single_vax,A1078V,0.06704035
unknown,A1078V,0.020769399
vax_with_bivalent,A1078V,0.07041126
vax_with_rna,A1078V,-0.036182746
Alpha,A123S,-0.070908315
Beta,A123S,0.03186696
Delta,A123S,0.017970758
Epsilon,A123S,-0.0029916414
Gamma,A123S,-0.060515143
Iota,A123S,-0.1125596
Lambda,A123S,0.056706354
Mu,A123S,-0.016421659
Omicron/BA.1,A123S,0.050649628
Omicron/BA.2,A123S,0.022576295
Omicron/BA.4+,A123S,-0.0355662
Wild Type,A123S,-0.025613572
bivalent,A123S,0.023080796
bivalent_with_rna,A123S,-0.02691575
cocktail,A123S,0.10109252
double_vax,A123S,-0.009624959
inactivated,A123S,-0.001941937
inactivated_with_rna,A123S,-0.06784366
multiple_rna,A123S,-0.0113823665
rna,A123S,-0.033037744
single_vax,A123S,0.0297095
unknown,A123S,0.03562519
vax_with_bivalent,A123S,0.017234465
vax_with_rna,A123S,0.035823904
Alpha,A163Y,0.0021369138
Beta,A163Y,0.14646113
Delta,A163Y,-0.020007811
Epsilon,A163Y,-0.039515227
Gamma,A163Y,0.07443693
Iota,A163Y,0.00026505603
Lambda,A163Y,0.01169609
Mu,A163Y,0.013840188
Omicron/BA.1,A163Y,0.0062071793
Omicron/BA.2,A163Y,0.03394104
Omicron/BA.4+,A163Y,-0.060790963
Wild Type,A163Y,0.010779764
bivalent,A163Y,-0.036941852
bivalent_with_rna,A163Y,0.013651274
cocktail,A163Y,-0.05452195
double_vax,A163Y,0.029086808
inactivated,A163Y,0.02287974
inactivated_with_rna,A163Y,0.078977235
multiple_rna,A163Y,-0.077939436
rna,A163Y,-0.070797354
single_vax,A163Y,0.015538808
unknown,A163Y,0.037303533
vax_with_bivalent,A163Y,-0.11935148
vax_with_rna,A163Y,-0.01838486
Alpha,A222T,0.009002114
Beta,A222T,-0.038456623
Delta,A222T,0.13088208
Epsilon,A222T,0.019470012
Gamma,A222T,-0.039764557
Iota,A222T,-0.031642377
Lambda,A222T,0.033124212
Mu,A222T,-0.03215546
Omicron/BA.1,A222T,0.02589212
Omicron/BA.2,A222T,0.024313256
Omicron/BA.4+,A222T,-0.023580335
Wild Type,A222T,-0.04948505
bivalent,A222T,0.010101857
bivalent_with_rna,A222T,0.011504712
cocktail,A222T,-0.06259489
double_vax,A222T,0.01731629
inactivated,A222T,0.024576874
inactivated_with_rna,A222T,-0.022405446
multiple_rna,A222T,0.0048239175
rna,A222T,-0.0040293653
single_vax,A222T,0.0071519315
unknown,A222T,0.02837958
vax_with_bivalent,A222T,0.033227514
vax_with_rna,A222T,-0.028989468
Alpha,A222V,0.01515723
Beta,A222V,0.062679894
Delta,A222V,-0.052362885
Epsilon,A222V,-0.022654038
Gamma,A222V,-0.08348299
Iota,A222V,0.031041646
Lambda,A222V,-0.039994348
Mu,A222V,0.07917975
Omicron/BA.1,A222V,0.0002963529
Omicron/BA.2,A222V,-0.014869979
Omicron/BA.4+,A222V,0.070383
Wild Type,A222V,-0.071699604
bivalent,A222V,0.022247076
bivalent_with_rna,A222V,-0.031067
cocktail,A222V,-0.068633564
double_vax,A222V,0.10131343
inactivated,A222V,-0.086421
inactivated_with_rna,A222V,0.025169691
multiple_rna,A222V,0.041196812
rna,A222V,-0.0493477
single_vax,A222V,-0.06414223
unknown,A222V,0.06312882
vax_with_bivalent,A222V,0.13476697
vax_with_rna,A222V,-0.05773253
Alpha,A243P,-0.007718326
Beta,A243P,0.00017162878
Delta,A243P,0.08119246
Epsilon,A243P,0.06474271
Gamma,A243P,0.02905559
Iota,A243P,-0.03913737
Lambda,A243P,-0.08875794
Mu,A243P,0.082400255
Omicron/BA.1,A243P,0.059983864
Omicron/BA.2,A243P,-0.08392275
Omicron/BA.4+,A243P,0.036107406
Wild Type,A243P,-0.053667955
bivalent,A243P,0.00979865
bivalent_with_rna,A243P,-0.0056919353
cocktail,A243P,0.12977317
double_vax,A243P,0.041130662
inactivated,A243P,0.018598523
inactivated_with_rna,A243P,0.0074370243
multiple_rna,A243P,0.021110846
rna,A243P,-0.022552693
single_vax,A243P,-0.003956126
unknown,A243P,-0.038344577
vax_with_bivalent,A243P,-0.043390285
vax_with_rna,A243P,-0.02716301
Alpha,A243T,0.023412455
Beta,A243T,-0.018578473
Delta,A243T,0.022244966
Epsilon,A243T,0.016062206
Gamma,A243T,-0.01673855
Iota,A243T,-0.06883737
Lambda,A243T,0.09744452
Mu,A243T,-0.06560563
Omicron/BA.1,A243T,0.08737733
Omicron/BA.2,A243T,-0.016000543
Omicron/BA.4+,A243T,-0.014382817
Wild Type,A243T,0.037337705
bivalent,A243T,-0.002936244
bivalent_with_rna,A243T,-0.02283438
cocktail,A243T,-0.02990037
double_vax,A243T,-0.006867182
inactivated,A243T,-0.03648938
inactivated_with_rna,A243T,-0.0040733158
multiple_rna,A243T,-0.034305643
rna,A243T,-0.03180972
single_vax,A243T,-0.010625925
unknown,A243T,0.0007026186
vax_with_bivalent,A243T,-0.04896464
vax_with_rna,A243T,-0.059129495
Alpha,A260T,-0.13045847
Beta,A260T,0.06324511
Delta,A260T,-0.10845912
Epsilon,A260T,-0.06400119
Gamma,A260T,-0.008332528
Iota,A260T,-0.0453976
Lambda,A260T,0.029737927
Mu,A260T,-0.02815735
Omicron/BA.1,A260T,-0.052072786
Omicron/BA.2,A260T,-0.0026042778
Omicron/BA.4+,A260T,0.0038965591
Wild Type,A260T,0.07749027
bivalent,A260T,-0.04359702
bivalent_with_rna,A260T,-0.043282174
cocktail,A260T,0.15356643
double_vax,A260T,0.026170682
inactivated,A260T,0.072457686
inactivated_with_rna,A260T,-0.08169101
multiple_rna,A260T,-0.0027919505
rna,A260T,-0.012517264
single_vax,A260T,-0.0039143013
unknown,A260T,0.1746203
vax_with_bivalent,A260T,-0.06984756
vax_with_rna,A260T,-0.011353346
Alpha,A260V,-0.03760404
Beta,A260V,0.031139141
Delta,A260V,-0.023114515
Epsilon,A260V,0.029994745
Gamma,A260V,-0.025277652
Iota,A260V,-0.0490354
Lambda,A260V,-0.035799135
Mu,A260V,-0.025820965
Omicron/BA.1,A260V,0.0032642763
Omicron/BA.2,A260V,0.081739455
Omicron/BA.4+,A260V,0.09540517
Wild Type,A260V,0.04439823
bivalent,A260V,-0.010213876
bivalent_with_rna,A260V,-0.020641223
cocktail,A260V,-0.0024064444
double_vax,A260V,0.0069865924
inactivated,A260V,-0.063905105
inactivated_with_rna,A260V,-0.010451197
multiple_rna,A260V,-0.13742925
rna,A260V,0.0721185
single_vax,A260V,-0.0038463767
unknown,A260V,-0.07276068
vax_with_bivalent,A260V,0.009811535
vax_with_rna,A260V,0.017672818
Alpha,A262S,0.030701213
Beta,A262S,0.011904382
Delta,A262S,-0.07489289
Epsilon,A262S,-0.029394524
Gamma,A262S,-0.031798795
Iota,A262S,0.041820444
Lambda,A262S,0.037288103
Mu,A262S,-0.0397411
Omicron/BA.1,A262S,0.054926988
Omicron/BA.2,A262S,0.040467072
Omicron/BA.4+,A262S,0.09304027
Wild Type,A262S,0.070551135
bivalent,A262S,0.070453346
bivalent_with_rna,A262S,-0.008095689
cocktail,A262S,0.0045669973
double_vax,A262S,0.07393996
inactivated,A262S,-0.065968774
inactivated_with_rna,A262S,-0.01874733
multiple_rna,A262S,0.010716833
rna,A262S,0.03464259
single_vax,A262S,-0.09868876
unknown,A262S,-0.059943207
vax_with_bivalent,A262S,0.12316632
vax_with_rna,A262S,-0.08666069
Alpha,A264D,0.041039474
Beta,A264D,0.0734734
Delta,A264D,-0.024642196
Epsilon,A264D,-0.07400676
Gamma,A264D,0.08616878
Iota,A264D,-0.0050112745
Lambda,A264D,0.034890607
Mu,A264D,-0.043736417
Omicron/BA.1,A264D,0.017440662
Omicron/BA.2,A264D,-0.0020610662
Omicron/BA.4+,A264D,0.0048764287
Wild Type,A264D,0.002442793
bivalent,A264D,-0.036167733
bivalent_with_rna,A264D,-0.007331655
cocktail,A264D,-0.05615529
double_vax,A264D,-0.13145305
inactivated,A264D,0.032998487
inactivated_with_rna,A264D,-0.042869605
multiple_rna,A264D,-0.025982358
rna,A264D,-0.07116781
single_vax,A264D,0.016659642
unknown,A264D,-0.045031637
vax_with_bivalent,A264D,0.04171631
vax_with_rna,A264D,0.0058507975
Alpha,A27A,0.03823917
Beta,A27A,0.05644437
Delta,A27A,0.04132533
Epsilon,A27A,0.009381928
Gamma,A27A,0.10251532
Iota,A27A,0.045402415
Lambda,A27A,-0.0043008123
Mu,A27A,-0.032098718
Omicron/BA.1,A27A,-0.018377887
Omicron/BA.2,A27A,0.010674545
Omicron/BA.4+,A27A,-0.04353825
Wild Type,A27A,-0.08240638
bivalent,A27A,-0.047952443
bivalent_with_rna,A27A,0.03405727
cocktail,A27A,0.03455659
double_vax,A27A,-0.03506601
inactivated,A27A,-0.1298825
inactivated_with_rna,A27A,0.018784905
multiple_rna,A27A,0.050565865
rna,A27A,0.050760332
single_vax,A27A,0.08839942
unknown,A27A,-0.029843431
vax_with_bivalent,A27A,-0.023633674
vax_with_rna,A27A,0.05331838
Alpha,A27G,-0.010349899
Beta,A27G,0.081566826
Delta,A27G,-0.0077011054
Epsilon,A27G,0.05217168
Gamma,A27G,0.04237496
Iota,A27G,0.08275101
Lambda,A27G,0.020711983
Mu,A27G,0.0440852
Omicron/BA.1,A27G,0.028061112
Omicron/BA.2,A27G,0.035569265
Omicron/BA.4+,A27G,0.07022059
Wild Type,A27G,-0.047424324
bivalent,A27G,0.067713805
bivalent_with_rna,A27G,-0.03856906
cocktail,A27G,-0.028789164
double_vax,A27G,-0.14977771
inactivated,A27G,0.036293864
inactivated_with_rna,A27G,0.07953406
multiple_rna,A27G,-0.07978256
rna,A27G,-0.03223767
single_vax,A27G,0.012194
unknown,A27G,0.065539196
vax_with_bivalent,A27G,-0.010427688
vax_with_rna,A27G,0.026060842
Alpha,A27N,0.10348879
Beta,A27N,0.03457119
Delta,A27N,-0.03610441
Epsilon,A27N,0.0018136054
Gamma,A27N,-0.059398986
Iota,A27N,-0.0061231046
Lambda,A27N,-0.037316464
Mu,A27N,-0.010115412
Omicron/BA.1,A27N,0.07564895
Omicron/BA.2,A27N,0.06259304
Omicron/BA.4+,A27N,-0.04810428
Wild Type,A27N,-0.05604917
bivalent,A27N,0.012351947
bivalent_with_rna,A27N,-0.029660963
cocktail,A27N,-0.07370084
double_vax,A27N,0.057282943
inactivated,A27N,0.044280328
inactivated_with_rna,A27N,-0.050034106
multiple_rna,A27N,0.013681054
rna,A27N,0.0035062814
single_vax,A27N,-0.034983102
unknown,A27N,-0.05706314
vax_with_bivalent,A27N,-0.0128440745
vax_with_rna,A27N,0.011387073
Alpha,A27S,0.18541534
Beta,A27S,-0.02303338
Delta,A27S,0.012799522
Epsilon,A27S,0.05906682
Gamma,A27S,0.05943503
Iota,A27S,0.08750779
Lambda,A27S,0.009856951
Mu,A27S,0.07504739
Omicron/BA.1,A27S,-0.05306899
Omicron/BA.2,A27S,-0.079097785
Omicron/BA.4+,A27S,-0.084493995
Wild Type,A27S,-0.07026564
bivalent,A27S,-0.048501123
bivalent_with_rna,A27S,0.016913354
cocktail,A27S,-0.036892943
double_vax,A27S,-0.01788489
inactivated,A27S,-0.07354112
inactivated_with_rna,A27S,0.03741663
multiple_rna,A27S,-0.052143343
rna,A27S,0.12752101
single_vax,A27S,-0.013260343
unknown,A27S,0.01905048
vax_with_bivalent,A27S,-0.038857467
vax_with_rna,A27S,-0.044117793
Alpha,A292S,-0.007132032
Beta,A292S,0.012271604
Delta,A292S,0.042512715
Epsilon,A292S,-0.07013479
Gamma,A292S,0.0020600087
Iota,A292S,0.037893638
Lambda,A292S,-0.005931791
Mu,A292S,0.049543887
Omicron/BA.1,A292S,-0.108036175
Omicron/BA.2,A292S,0.043621827
Omicron/BA.4+,A292S,0.016180113
Wild Type,A292S,0.010469096
bivalent,A292S,0.00085002254
bivalent_with_rna,A292S,-0.0020791786
cocktail,A292S,-0.048456617
double_vax,A292S,-0.041248232
inactivated,A292S,0.0048988853
inactivated_with_rna,A292S,-0.066459954
multiple_rna,A292S,-0.03927235
rna,A292S,-0.025772827
single_vax,A292S,-0.0021524848
unknown,A292S,0.109739795
vax_with_bivalent,A292S,-0.021703659
vax_with_rna,A292S,-0.03292296
Alpha,A348P,-0.07766081
Beta,A348P,0.046749778
Delta,A348P,-0.041930653
Epsilon,A348P,-0.0065124873
Gamma,A348P,-0.029740982
Iota,A348P,-0.059453808
Lambda,A348P,-0.103374235
Mu,A348P,0.021749116
Omicron/BA.1,A348P,-0.0068925717
Omicron/BA.2,A348P,0.010754807
Omicron/BA.4+,A348P,-0.04577573
Wild Type,A348P,0.06478566
bivalent,A348P,0.025249716
bivalent_with_rna,A348P,0.08059831
cocktail,A348P,-0.01647611
double_vax,A348P,-0.023182463
inactivated,A348P,0.0335471
inactivated_with_rna,A348P,-0.03449857
multiple_rna,A348P,-0.024642225
rna,A348P,-0.02693279
single_vax,A348P,0.009995273
unknown,A348P,-0.042134874
vax_with_bivalent,A348P,-0.085575856
vax_with_rna,A348P,0.036201153
Alpha,A372T,0.022667747
Beta,A372T,-0.08569273
Delta,A372T,0.015658889
Epsilon,A372T,-0.04400162
Gamma,A372T,-0.033151735
Iota,A372T,0.037899315
Lambda,A372T,-0.0071454337
Mu,A372T,0.02150347
Omicron/BA.1,A372T,-0.09557275
Omicron/BA.2,A372T,0.0023028424
Omicron/BA.4+,A372T,0.005940204
Wild Type,A372T,-0.07667009
bivalent,A372T,0.03842215
bivalent_with_rna,A372T,-0.008853085
cocktail,A372T,0.0401062
double_vax,A372T,0.01137031
inactivated,A372T,-0.012611154
inactivated_with_rna,A372T,0.026467202
multiple_rna,A372T,-0.031010818
rna,A372T,-0.0095123
single_vax,A372T,-0.0089907
unknown,A372T,-0.024156123
vax_with_bivalent,A372T,-0.010897265
vax_with_rna,A372T,0.058867186
Alpha,A475P,0.015807834
Beta,A475P,-0.0033779545
Delta,A475P,0.19210893
Epsilon,A475P,-0.029583208
Gamma,A475P,0.008846864
Iota,A475P,-0.08832007
Lambda,A475P,-0.07509079
Mu,A475P,-0.090686746
Omicron/BA.1,A475P,-0.012594663
Omicron/BA.2,A475P,0.02337344
Omicron/BA.4+,A475P,-0.028882774
Wild Type,A475P,-0.09412247
bivalent,A475P,-0.05847185
bivalent_with_rna,A475P,0.019488325
cocktail,A475P,0.016769096
double_vax,A475P,-0.07976753
inactivated,A475P,0.088065036
inactivated_with_rna,A475P,-0.030217314
multiple_rna,A475P,0.0018270905
rna,A475P,-0.040421516
single_vax,A475P,0.02199081
unknown,A475P,0.029981721
vax_with_bivalent,A475P,-0.06800327
vax_with_rna,A475P,0.08412776
Alpha,A520G,-0.007394299
Beta,A520G,0.12666291
Delta,A520G,0.094436154
Epsilon,A520G,-0.044611447
Gamma,A520G,-0.000972389
Iota,A520G,-0.0727081
Lambda,A520G,0.08556731
Mu,A520G,-0.038384285
Omicron/BA.1,A520G,-0.015670605
Omicron/BA.2,A520G,0.053106025
Omicron/BA.4+,A520G,-0.026610699
Wild Type,A520G,-0.013975967
bivalent,A520G,-0.027741905
bivalent_with_rna,A520G,0.031365592
cocktail,A520G,0.10196388
double_vax,A520G,0.07189522
inactivated,A520G,0.056767635
inactivated_with_rna,A520G,-0.04172869
multiple_rna,A520G,0.014753399
rna,A520G,-0.0006315117
single_vax,A520G,0.036310237
unknown,A520G,0.060708962
vax_with_bivalent,A520G,-0.071551315
vax_with_rna,A520G,0.08887944
Alpha,A570D,-0.052964587
Beta,A570D,-0.044036813
Delta,A570D,-0.04773676
Epsilon,A570D,-0.06835673
Gamma,A570D,0.069480844
Iota,A570D,0.015349515
Lambda,A570D,-0.03178845
Mu,A570D,-0.04935336
Omicron/BA.1,A570D,-0.022242296
Omicron/BA.2,A570D,0.043731265
Omicron/BA.4+,A570D,0.0028381366
Wild Type,A570D,-0.09112418
bivalent,A570D,-0.017963309
bivalent_with_rna,A570D,-0.09653189
cocktail,A570D,-0.0037881387
double_vax,A570D,-0.019285416
inactivated,A570D,-0.06399898
inactivated_with_rna,A570D,-0.03225382
multiple_rna,A570D,-0.07157483
rna,A570D,-0.065224096
single_vax,A570D,-0.0324848
unknown,A570D,-0.117787875
vax_with_bivalent,A570D,-0.15416749
vax_with_rna,A570D,0.0016675713
Alpha,A570S,-0.025305016
Beta,A570S,-0.025096107
Delta,A570S,-0.014429953
Epsilon,A570S,0.033191588
Gamma,A570S,-0.0339252
Iota,A570S,-0.007870294
Lambda,A570S,-0.0075686285
Mu,A570S,-0.0203927
Omicron/BA.1,A570S,-0.012442969
Omicron/BA.2,A570S,0.0011491776
Omicron/BA.4+,A570S,0.075237215
Wild Type,A570S,0.040019773
bivalent,A570S,-0.06728661
bivalent_with_rna,A570S,0.03959963
cocktail,A570S,0.036618426
double_vax,A570S,-0.022780735
inactivated,A570S,-0.06681807
inactivated_with_rna,A570S,-0.008038146
multiple_rna,A570S,0.09210778
rna,A570S,-0.008199211
single_vax,A570S,0.015874384
unknown,A570S,0.073364004
vax_with_bivalent,A570S,0.04715649
vax_with_rna,A570S,-0.0685751
Alpha,A570V,0.027974091
Beta,A570V,-0.008626809
Delta,A570V,0.012447488
Epsilon,A570V,0.05154527
Gamma,A570V,0.093721166
Iota,A570V,-0.086894155
Lambda,A570V,0.0016480312
Mu,A570V,0.032565672
Omicron/BA.1,A570V,-0.028933685
Omicron/BA.2,A570V,0.04705573
Omicron/BA.4+,A570V,0.03955449
Wild Type,A570V,-0.09612773
bivalent,A570V,-0.03948961
bivalent_with_rna,A570V,-0.11659868
cocktail,A570V,-0.03428025
double_vax,A570V,-0.051113382
inactivated,A570V,-0.050329328
inactivated_with_rna,A570V,-0.03664703
multiple_rna,A570V,-0.049209982
rna,A570V,-0.025669359
single_vax,A570V,0.0041103866
unknown,A570V,-0.009258206
vax_with_bivalent,A570V,0.046360172
vax_with_rna,A570V,-0.071136326
Alpha,A575S,0.02946977
Beta,A575S,0.06400212
Delta,A575S,0.09004543
Epsilon,A575S,0.066127196
Gamma,A575S,0.08437194
Iota,A575S,0.08234348
Lambda,A575S,-0.033374667
Mu,A575S,-0.031656384
Omicron/BA.1,A575S,-0.008622154
Omicron/BA.2,A575S,0.011035466
Omicron/BA.4+,A575S,-0.034853674
Wild Type,A575S,0.040163446
bivalent,A575S,0.04773495
bivalent_with_rna,A575S,0.0075911903
cocktail,A575S,-0.010447603
double_vax,A575S,-0.010256117
inactivated,A575S,-0.046128802
inactivated_with_rna,A575S,-0.08572032
multiple_rna,A575S,-0.07943969
rna,A575S,-0.05978993
single_vax,A575S,-0.0070470823
unknown,A575S,0.08750539
vax_with_bivalent,A575S,-0.024894334
vax_with_rna,A575S,-0.011670092
Alpha,A647A,-0.05024078
Beta,A647A,0.10193089
Delta,A647A,0.09428855
Epsilon,A647A,-0.06412871
Gamma,A647A,0.020075113
Iota,A647A,0.07655869
Lambda,A647A,-0.005212471
Mu,A647A,0.042378254
Omicron/BA.1,A647A,0.1315444
Omicron/BA.2,A647A,0.12471993
Omicron/BA.4+,A647A,0.038045935
Wild Type,A647A,-0.0013024937
bivalent,A647A,-0.020177804
bivalent_with_rna,A647A,0.1220473
cocktail,A647A,0.13363639
double_vax,A647A,0.014070854
inactivated,A647A,-0.03247021
inactivated_with_rna,A647A,-0.055925716
multiple_rna,A647A,0.0136581315
rna,A647A,0.022222009
single_vax,A647A,0.015750062
unknown,A647A,0.12104076
vax_with_bivalent,A647A,0.122580566
vax_with_rna,A647A,0.092401735
Alpha,A647S,0.09125943
Beta,A647S,0.058123678
Delta,A647S,0.046484664
Epsilon,A647S,0.0031601666
Gamma,A647S,-0.020646581
Iota,A647S,0.07094369
Lambda,A647S,-0.05287753
Mu,A647S,0.069505505
Omicron/BA.1,A647S,0.16161068
Omicron/BA.2,A647S,0.047414653
Omicron/BA.4+,A647S,0.039189164
Wild Type,A647S,0.02892305
bivalent,A647S,0.05534232
bivalent_with_rna,A647S,0.008519439
cocktail,A647S,-0.043311663
double_vax,A647S,0.033888616
inactivated,A647S,-0.00037043355
inactivated_with_rna,A647S,-0.05099322
multiple_rna,A647S,0.005168578
rna,A647S,0.08185372
single_vax,A647S,0.012589087
unknown,A647S,0.050646286
vax_with_bivalent,A647S,0.0056980476
vax_with_rna,A647S,0.055069055
Alpha,A653V,0.00031206105
Beta,A653V,-0.05331485
Delta,A653V,-0.007532886
Epsilon,A653V,-0.11246171
Gamma,A653V,-0.001352592
Iota,A653V,-0.019245332
Lambda,A653V,0.016089968
Mu,A653V,-0.09146637
Omicron/BA.1,A653V,0.047804702
Omicron/BA.2,A653V,-0.01831559
Omicron/BA.4+,A653V,0.005449405
Wild Type,A653V,0.05636365
bivalent,A653V,-0.04295697
bivalent_with_rna,A653V,0.13125293
cocktail,A653V,-0.063281
double_vax,A653V,0.03440161
inactivated,A653V,0.02903379
inactivated_with_rna,A653V,0.06972851
multiple_rna,A653V,0.011891549
rna,A653V,-0.07604019
single_vax,A653V,-0.027769383
unknown,A653V,0.05738628
vax_with_bivalent,A653V,-0.10721665
vax_with_rna,A653V,-0.020510884
Alpha,A67A,0.06103416
Beta,A67A,0.052355833
Delta,A67A,-0.02358729
Epsilon,A67A,-0.055994816
Gamma,A67A,0.030219212
Iota,A67A,0.06588223
Lambda,A67A,0.020630889
Mu,A67A,-0.020166574
Omicron/BA.1,A67A,0.014615877
Omicron/BA.2,A67A,-0.025746385
Omicron/BA.4+,A67A,0.052632194
Wild Type,A67A,-0.041027356
bivalent,A67A,0.0744463
bivalent_with_rna,A67A,0.025156751
cocktail,A67A,-0.036142394
double_vax,A67A,-0.07438868
inactivated,A67A,0.090312496
inactivated_with_rna,A67A,-0.09585334
multiple_rna,A67A,-0.007279883
rna,A67A,0.015811138
single_vax,A67A,0.012273293
unknown,A67A,0.05236657
vax_with_bivalent,A67A,-0.018378573
vax_with_rna,A67A,-0.012264842
Alpha,A67T,-0.035127886
Beta,A67T,-0.045788437
Delta,A67T,0.033511914
Epsilon,A67T,0.0785482
Gamma,A67T,0.09012582
Iota,A67T,0.016586697
Lambda,A67T,0.07834978
Mu,A67T,-0.026669465
Omicron/BA.1,A67T,0.031484637
Omicron/BA.2,A67T,0.010314431
Omicron/BA.4+,A67T,0.06316487
Wild Type,A67T,-0.011241997
bivalent,A67T,-0.03882197
bivalent_with_rna,A67T,-0.037666943
cocktail,A67T,-0.010487044
double_vax,A67T,0.016505724
inactivated,A67T,-0.08437397
inactivated_with_rna,A67T,0.011097183
multiple_rna,A67T,-0.012245743
rna,A67T,-0.03366382
single_vax,A67T,-0.0013899533
unknown,A67T,-0.10041696
vax_with_bivalent,A67T,-0.018347258
vax_with_rna,A67T,0.07528547
Alpha,A67V,0.023598775
Beta,A67V,0.07768873
Delta,A67V,0.017718993
Epsilon,A67V,-0.030820757
Gamma,A67V,0.067814685
Iota,A67V,0.050032966
Lambda,A67V,-0.0018869615
Mu,A67V,-0.054300513
Omicron/BA.1,A67V,-0.05104845
Omicron/BA.2,A67V,-0.08297584
Omicron/BA.4+,A67V,0.028115537
Wild Type,A67V,0.026088955
bivalent,A67V,0.023424318
bivalent_with_rna,A67V,-0.034312237
cocktail,A67V,0.006049116
double_vax,A67V,0.0593397
inactivated,A67V,0.077601455
inactivated_with_rna,A67V,0.049885105
multiple_rna,A67V,-0.021169454
rna,A67V,0.0013606618
single_vax,A67V,0.027625978
unknown,A67V,0.07022468
vax_with_bivalent,A67V,0.08316581
vax_with_rna,A67V,0.020218398
Alpha,A688S,0.009845661
Beta,A688S,0.018531123
Delta,A688S,-0.040242296
Epsilon,A688S,-0.054642133
Gamma,A688S,0.028880129
Iota,A688S,-0.07283311
Lambda,A688S,0.05439056
Mu,A688S,-0.064459905
Omicron/BA.1,A688S,-0.1161932
Omicron/BA.2,A688S,-0.042359084
Omicron/BA.4+,A688S,0.0036344174
Wild Type,A688S,0.053921588
bivalent,A688S,-0.057699192
bivalent_with_rna,A688S,0.002140887
cocktail,A688S,-0.09754378
double_vax,A688S,0.06328887
inactivated,A688S,0.118934855
inactivated_with_rna,A688S,-0.06284091
multiple_rna,A688S,-0.0072644954
rna,A688S,-0.044944324
single_vax,A688S,0.043350402
unknown,A688S,-0.1453296
vax_with_bivalent,A688S,0.033158373
vax_with_rna,A688S,-0.052402772
Alpha,A688V,0.08623289
Beta,A688V,0.037915062
Delta,A688V,-0.02876765
Epsilon,A688V,-0.013111636
Gamma,A688V,-0.07759341
Iota,A688V,0.009351846
Lambda,A688V,0.005832942
Mu,A688V,-0.07791212
Omicron/BA.1,A688V,0.0494037
Omicron/BA.2,A688V,-0.0021289913
Omicron/BA.4+,A688V,-0.036656626
Wild Type,A688V,-0.03695003
bivalent,A688V,0.069623575
bivalent_with_rna,A688V,0.017216042
cocktail,A688V,-0.010160038
double_vax,A688V,0.06393528
inactivated,A688V,-0.06532324
inactivated_with_rna,A688V,0.02833591
multiple_rna,A688V,-0.097603425
rna,A688V,0.022784691
single_vax,A688V,0.09710396
unknown,A688V,0.023135204
vax_with_bivalent,A688V,-0.03258563
vax_with_rna,A688V,0.027235474
Alpha,A701V,0.0379761
Beta,A701V,0.033872563
Delta,A701V,-0.0031789045
Epsilon,A701V,0.0041576074
Gamma,A701V,-0.041627206
Iota,A701V,0.035104834
Lambda,A701V,0.023359805
Mu,A701V,-0.045602705
Omicron/BA.1,A701V,-0.010241035
Omicron/BA.2,A701V,-0.0014307983
Omicron/BA.4+,A701V,0.0025619306
Wild Type,A701V,0.032989968
bivalent,A701V,0.014214445
bivalent_with_rna,A701V,-0.018017776
cocktail,A701V,-0.037626915
double_vax,A701V,-0.005615574
inactivated,A701V,-0.03946604
inactivated_with_rna,A701V,-0.036660746
multiple_rna,A701V,-0.04132605
rna,A701V,-0.047947735
single_vax,A701V,0.0033090706
unknown,A701V,-0.050852727
vax_with_bivalent,A701V,-0.047502875
vax_with_rna,A701V,0.01433824
Alpha,A831V,-0.0131653985
Beta,A831V,0.0049334494
Delta,A831V,-0.060319684
Epsilon,A831V,0.06901668
Gamma,A831V,0.054859664
Iota,A831V,0.07139842
Lambda,A831V,-0.07508954
Mu,A831V,-0.046875305
Omicron/BA.1,A831V,0.047359772
Omicron/BA.2,A831V,0.009783039
Omicron/BA.4+,A831V,0.05194788
Wild Type,A831V,-0.10374748
bivalent,A831V,-0.0069747977
bivalent_with_rna,A831V,0.057829753
cocktail,A831V,0.02910675
double_vax,A831V,-0.040162295
inactivated,A831V,0.06995085
inactivated_with_rna,A831V,-0.06023789
multiple_rna,A831V,0.011860964
rna,A831V,-0.06406038
single_vax,A831V,0.044650756
unknown,A831V,-0.08936738
vax_with_bivalent,A831V,-0.059122145
vax_with_rna,A831V,-0.054420553
Alpha,A845I,-0.006602042
Beta,A845I,0.052898675
Delta,A845I,0.013363527
Epsilon,A845I,-0.005935932
Gamma,A845I,-0.03638626
Iota,A845I,0.09953136
Lambda,A845I,0.07180516
Mu,A845I,0.06935885
Omicron/BA.1,A845I,-0.069222
Omicron/BA.2,A845I,0.038128577
Omicron/BA.4+,A845I,-0.035984654
Wild Type,A845I,-0.0048183855
bivalent,A845I,0.020569284
bivalent_with_rna,A845I,-0.0051263347
cocktail,A845I,-0.05493342
double_vax,A845I,-0.10444666
inactivated,A845I,-0.11309654
inactivated_with_rna,A845I,-0.027922824
multiple_rna,A845I,0.0043714195
rna,A845I,-0.032465376
single_vax,A845I,-0.06699941
unknown,A845I,-0.02599942
vax_with_bivalent,A845I,0.038714573
vax_with_rna,A845I,0.05020117
Alpha,A845N,0.054268707
Beta,A845N,-0.049770486
Delta,A845N,0.0591134
Epsilon,A845N,-0.015609996
Gamma,A845N,0.05279505
Iota,A845N,-0.052654818
Lambda,A845N,0.018737901
Mu,A845N,0.00164307
Omicron/BA.1,A845N,0.011164964
Omicron/BA.2,A845N,-0.09923257
Omicron/BA.4+,A845N,-0.005685838
Wild Type,A845N,-0.111542225
bivalent,A845N,0.059623778
bivalent_with_rna,A845N,-0.09492216
cocktail,A845N,0.01309902
double_vax,A845N,0.062021382
inactivated,A845N,-0.07495118
inactivated_with_rna,A845N,0.0056105116
multiple_rna,A845N,0.027996106
rna,A845N,-0.06217904
single_vax,A845N,0.026956234
unknown,A845N,0.08432002
vax_with_bivalent,A845N,-0.0645066
vax_with_rna,A845N,0.0997667
Alpha,A879S,0.015964
Beta,A879S,-0.042669967
Delta,A879S,0.050586157
Epsilon,A879S,0.0871051
Gamma,A879S,-0.037373528
Iota,A879S,-0.005309688
Lambda,A879S,-0.10416311
Mu,A879S,0.0032173437
Omicron/BA.1,A879S,0.024881616
Omicron/BA.2,A879S,0.07548344
Omicron/BA.4+,A879S,-0.057892766
Wild Type,A879S,0.09571541
bivalent,A879S,0.08879182
bivalent_with_rna,A879S,-0.015549699
cocktail,A879S,0.009944368
double_vax,A879S,0.03784805
inactivated,A879S,0.0073862337
inactivated_with_rna,A879S,0.045968585
multiple_rna,A879S,-0.057739474
rna,A879S,-0.06609718
single_vax,A879S,0.02239274
unknown,A879S,0.015688237
vax_with_bivalent,A879S,-0.043757018
vax_with_rna,A879S,0.09864195
Alpha,A942S,-0.06771362
Beta,A942S,-0.044707805
Delta,A942S,-0.0025746054
Epsilon,A942S,0.0046430444
Gamma,A942S,0.028160619
Iota,A942S,0.006581727
Lambda,A942S,-0.020042162
Mu,A942S,0.027672851
Omicron/BA.1,A942S,0.0049850997
Omicron/BA.2,A942S,-0.037162647
Omicron/BA.4+,A942S,-0.089687265
Wild Type,A942S,0.027380666
bivalent,A942S,0.013436483
bivalent_with_rna,A942S,0.0031058681
cocktail,A942S,0.017619176
double_vax,A942S,0.08448469
inactivated,A942S,-0.0051140226
inactivated_with_rna,A942S,0.020304898
multiple_rna,A942S,-0.028908849
rna,A942S,-0.02151085
single_vax,A942S,-0.017409978
unknown,A942S,0.06385857
vax_with_bivalent,A942S,0.05493509
vax_with_rna,A942S,0.024477068
Alpha,B.1.160.13 (S477N),0.036443204
Beta,B.1.160.13 (S477N),0.02478733
Delta,B.1.160.13 (S477N),0.03791021
Epsilon,B.1.160.13 (S477N),0.039289832
Gamma,B.1.160.13 (S477N),-0.09380833
Iota,B.1.160.13 (S477N),0.012791438
Lambda,B.1.160.13 (S477N),-0.013840793
Mu,B.1.160.13 (S477N),0.003157786
Omicron/BA.1,B.1.160.13 (S477N),-0.037840847
Omicron/BA.2,B.1.160.13 (S477N),0.026662264
Omicron/BA.4+,B.1.160.13 (S477N),-0.017489988
Wild Type,B.1.160.13 (S477N),-0.0541038
bivalent,B.1.160.13 (S477N),-0.005133709
bivalent_with_rna,B.1.160.13 (S477N),-0.09659959
cocktail,B.1.160.13 (S477N),0.0028584998
double_vax,B.1.160.13 (S477N),-0.05074472
inactivated,B.1.160.13 (S477N),0.07030127
inactivated_with_rna,B.1.160.13 (S477N),-0.041720457
multiple_rna,B.1.160.13 (S477N),-0.041552506
rna,B.1.160.13 (S477N),-0.031198548
single_vax,B.1.160.13 (S477N),0.033185236
unknown,B.1.160.13 (S477N),-0.01233742
vax_with_bivalent,B.1.160.13 (S477N),-0.029681537
vax_with_rna,B.1.160.13 (S477N),0.13136238
Alpha,C1247A,0.017798837
Beta,C1247A,-0.08328975
Delta,C1247A,-0.008022268
Epsilon,C1247A,-0.00901819
Gamma,C1247A,0.011898629
Iota,C1247A,-0.15735093
Lambda,C1247A,0.025794033
Mu,C1247A,0.038699977
Omicron/BA.1,C1247A,0.13335948
Omicron/BA.2,C1247A,-0.0016546056
Omicron/BA.4+,C1247A,-0.031589482
Wild Type,C1247A,-0.023444088
bivalent,C1247A,0.07258416
bivalent_with_rna,C1247A,-0.04798336
cocktail,C1247A,0.0055867387
double_vax,C1247A,0.0076322546
inactivated,C1247A,0.042713158
inactivated_with_rna,C1247A,-0.003752172
multiple_rna,C1247A,-0.01680188
rna,C1247A,-0.03917239
single_vax,C1247A,0.0043150303
unknown,C1247A,0.11899987
vax_with_bivalent,C1247A,-0.03125105
vax_with_rna,C1247A,-0.07552701
Alpha,C136F,0.03125728
Beta,C136F,0.010541482
Delta,C136F,-0.09443197
Epsilon,C136F,-0.05349057
Gamma,C136F,0.06173543
Iota,C136F,0.02040601
Lambda,C136F,-0.0011618352
Mu,C136F,0.033800036
Omicron/BA.1,C136F,-0.011781342
Omicron/BA.2,C136F,-0.06377803
Omicron/BA.4+,C136F,-0.03274836
Wild Type,C136F,-0.048971005
bivalent,C136F,0.008331711
bivalent_with_rna,C136F,0.016542932
cocktail,C136F,-0.027109593
double_vax,C136F,0.00415162
inactivated,C136F,0.05857208
inactivated_with_rna,C136F,-0.053335823
multiple_rna,C136F,3.5232864e-05
rna,C136F,-0.06785035
single_vax,C136F,-0.07780802
unknown,C136F,0.03249284
vax_with_bivalent,C136F,0.07851699
vax_with_rna,C136F,-0.0028485972
Alpha,C15I,0.024843771
Beta,C15I,-0.07103474
Delta,C15I,0.03473568
Epsilon,C15I,-0.07245499
Gamma,C15I,-0.042195994
Iota,C15I,-0.0224055
Lambda,C15I,0.018546596
Mu,C15I,0.05150337
Omicron/BA.1,C15I,-0.075742625
Omicron/BA.2,C15I,-0.036449224
Omicron/BA.4+,C15I,-0.11127641
Wild Type,C15I,-0.026608277
bivalent,C15I,-0.005123239
bivalent_with_rna,C15I,0.025062736
cocktail,C15I,-0.034725342
double_vax,C15I,0.004265885
inactivated,C15I,-0.01855966
inactivated_with_rna,C15I,-0.009035207
multiple_rna,C15I,0.02936225
rna,C15I,0.04164184
single_vax,C15I,0.03309393
unknown,C15I,0.1100855
vax_with_bivalent,C15I,-0.034891076
vax_with_rna,C15I,0.049315147
Alpha,C15L,-0.06236936
Beta,C15L,-0.024245411
Delta,C15L,-0.17347799
Epsilon,C15L,0.026113514
Gamma,C15L,-0.050918974
Iota,C15L,-0.022230066
Lambda,C15L,0.016686566
Mu,C15L,-0.123797186
Omicron/BA.1,C15L,0.011583181
Omicron/BA.2,C15L,0.035443738
Omicron/BA.4+,C15L,0.0053333137
Wild Type,C15L,-0.046319004
bivalent,C15L,-0.0046926085
bivalent_with_rna,C15L,-0.017035719
cocktail,C15L,0.087384865
double_vax,C15L,-0.0036391928
inactivated,C15L,0.040542368
inactivated_with_rna,C15L,-0.002449344
multiple_rna,C15L,0.10552095
rna,C15L,-0.027378561
single_vax,C15L,0.03135345
unknown,C15L,-0.04870355
vax_with_bivalent,C15L,-0.058593687
vax_with_rna,C15L,0.005725083
Alpha,D1084E,0.020518793
Beta,D1084E,-0.008717276
Delta,D1084E,-0.06393552
Epsilon,D1084E,-0.030514179
Gamma,D1084E,0.08386665
Iota,D1084E,0.0067378636
Lambda,D1084E,0.0018566428
Mu,D1084E,0.011347331
Omicron/BA.1,D1084E,-0.0051935986
Omicron/BA.2,D1084E,-0.026701637
Omicron/BA.4+,D1084E,0.0062518464
Wild Type,D1084E,-0.015638761
bivalent,D1084E,-0.04484696
bivalent_with_rna,D1084E,-0.04812332
cocktail,D1084E,0.09973951
double_vax,D1084E,0.015704747
inactivated,D1084E,0.035866365
inactivated_with_rna,D1084E,-0.031123448
multiple_rna,D1084E,-0.04464236
rna,D1084E,-0.025379945
single_vax,D1084E,0.019673783
unknown,D1084E,-0.03779746
vax_with_bivalent,D1084E,0.03433391
vax_with_rna,D1084E,-0.010653421
Alpha,D1118H,-0.045063563
Beta,D1118H,-0.018603168
Delta,D1118H,-0.05250721
Epsilon,D1118H,-0.10089998
Gamma,D1118H,-0.06922268
Iota,D1118H,-0.16071561
Lambda,D1118H,0.031161854
Mu,D1118H,-0.04949476
Omicron/BA.1,D1118H,0.014901105
Omicron/BA.2,D1118H,-0.066347234
Omicron/BA.4+,D1118H,-0.0029205848
Wild Type,D1118H,-0.026346622
bivalent,D1118H,0.06435721
bivalent_with_rna,D1118H,0.03624924
cocktail,D1118H,0.012877515
double_vax,D1118H,-0.07338732
inactivated,D1118H,0.022857325
inactivated_with_rna,D1118H,0.03616852
multiple_rna,D1118H,-0.026948974
rna,D1118H,-0.04001803
single_vax,D1118H,-0.017675739
unknown,D1118H,-0.011560395
vax_with_bivalent,D1118H,-0.113213934
vax_with_rna,D1118H,0.007030799
Alpha,D111N,0.0450509
Beta,D111N,-0.0008956238
Delta,D111N,-0.051953673
Epsilon,D111N,-0.042090297
Gamma,D111N,-0.0033700932
Iota,D111N,-0.029380906
Lambda,D111N,-0.004593942
Mu,D111N,-0.038578138
Omicron/BA.1,D111N,0.0014276411
Omicron/BA.2,D111N,0.08332569
Omicron/BA.4+,D111N,-0.1054955
Wild Type,D111N,0.02169264
bivalent,D111N,0.028768433
bivalent_with_rna,D111N,0.07681219
cocktail,D111N,0.0153376805
double_vax,D111N,-0.020800253
inactivated,D111N,0.06368884
inactivated_with_rna,D111N,0.051934317
multiple_rna,D111N,0.080559835
rna,D111N,-0.032377962
single_vax,D111N,0.006983397
unknown,D111N,-0.014885645
vax_with_bivalent,D111N,0.059643008
vax_with_rna,D111N,-0.047587033
Alpha,D1139H,-0.11762734
Beta,D1139H,0.121681474
Delta,D1139H,0.048811786
Epsilon,D1139H,0.08308692
Gamma,D1139H,-0.03097809
Iota,D1139H,-0.08098204
Lambda,D1139H,0.062426906
Mu,D1139H,0.007849846
Omicron/BA.1,D1139H,-0.07467888
Omicron/BA.2,D1139H,0.016285017
Omicron/BA.4+,D1139H,0.09225646
Wild Type,D1139H,-0.016416911
bivalent,D1139H,-0.08757296
bivalent_with_rna,D1139H,-0.027686164
cocktail,D1139H,0.032376204
double_vax,D1139H,-0.021198954
inactivated,D1139H,-0.02777258
inactivated_with_rna,D1139H,0.07869526
multiple_rna,D1139H,-0.023307048
rna,D1139H,-0.11520129
single_vax,D1139H,0.053172175
unknown,D1139H,0.14694545
vax_with_bivalent,D1139H,0.07297857
vax_with_rna,D1139H,-0.03664418
Alpha,D1139Y,-0.08641747
Beta,D1139Y,-0.05085735
Delta,D1139Y,-0.011443618
Epsilon,D1139Y,-0.018584916
Gamma,D1139Y,-0.035031885
Iota,D1139Y,0.0018710122
Lambda,D1139Y,-0.03688948
Mu,D1139Y,0.085800566
Omicron/BA.1,D1139Y,0.0087274
Omicron/BA.2,D1139Y,-0.014623557
Omicron/BA.4+,D1139Y,-0.01848481
Wild Type,D1139Y,0.054531097
bivalent,D1139Y,-0.022474198
bivalent_with_rna,D1139Y,0.030591503
cocktail,D1139Y,0.011678599
double_vax,D1139Y,0.004541602
inactivated,D1139Y,-0.033165336
inactivated_with_rna,D1139Y,0.0016276147
multiple_rna,D1139Y,0.0025702976
rna,D1139Y,-0.14589636
single_vax,D1139Y,-0.015096976
unknown,D1139Y,0.049142335
vax_with_bivalent,D1139Y,0.020859873
vax_with_rna,D1139Y,-0.12373275
Alpha,D1199N,-0.06669243
Beta,D1199N,-0.009285087
Delta,D1199N,-0.027578684
Epsilon,D1199N,-0.050128102
Gamma,D1199N,-0.10070049
Iota,D1199N,-0.08204208
Lambda,D1199N,-0.12837775
Mu,D1199N,0.037181057
Omicron/BA.1,D1199N,-0.07162808
Omicron/BA.2,D1199N,0.055401202
Omicron/BA.4+,D1199N,0.060125276
Wild Type,D1199N,-0.07242043
bivalent,D1199N,-0.013972313
bivalent_with_rna,D1199N,-0.067665406
cocktail,D1199N,0.019759964
double_vax,D1199N,-0.026739273
inactivated,D1199N,-0.028215706
inactivated_with_rna,D1199N,-0.061403785
multiple_rna,D1199N,-0.05625138
rna,D1199N,-0.028447444
single_vax,D1199N,0.042668577
unknown,D1199N,0.002995524
vax_with_bivalent,D1199N,0.036577344
vax_with_rna,D1199N,0.037931524
Alpha,D138N,0.0796953
Beta,D138N,-0.026591714
Delta,D138N,0.058262542
Epsilon,D138N,-0.07342297
Gamma,D138N,0.031247918
Iota,D138N,0.030599296
Lambda,D138N,-0.09924083
Mu,D138N,0.08188685
Omicron/BA.1,D138N,0.0021939687
Omicron/BA.2,D138N,0.01112911
Omicron/BA.4+,D138N,-0.008232242
Wild Type,D138N,0.04946652
bivalent,D138N,-0.06702274
bivalent_with_rna,D138N,0.039021835
cocktail,D138N,0.007345129
double_vax,D138N,0.06773067
inactivated,D138N,-0.07779527
inactivated_with_rna,D138N,-0.035407595
multiple_rna,D138N,0.025280848
rna,D138N,-0.033866085
single_vax,D138N,-0.041497417
unknown,D138N,0.060816877
vax_with_bivalent,D138N,-0.06829122
vax_with_rna,D138N,-0.10936782
Alpha,D138Y,-0.04916384
Beta,D138Y,0.034452796
Delta,D138Y,0.05534189
Epsilon,D138Y,0.06681738
Gamma,D138Y,-0.0013083797
Iota,D138Y,-0.058903422
Lambda,D138Y,0.062011544
Mu,D138Y,-0.020689145
Omicron/BA.1,D138Y,0.030979078
Omicron/BA.2,D138Y,0.015108672
Omicron/BA.4+,D138Y,-0.16844445
Wild Type,D138Y,-0.004614271
bivalent,D138Y,0.088622406
bivalent_with_rna,D138Y,-0.052596856
cocktail,D138Y,0.024135664
double_vax,D138Y,-0.0597622
inactivated,D138Y,-0.007895053
inactivated_with_rna,D138Y,0.024886586
multiple_rna,D138Y,-0.01443817
rna,D138Y,-0.0132914595
single_vax,D138Y,-0.035029996
unknown,D138Y,0.037050564
vax_with_bivalent,D138Y,0.05412181
vax_with_rna,D138Y,0.026075283
Alpha,D215D,-0.07375699
Beta,D215D,0.001969301
Delta,D215D,0.11667367
Epsilon,D215D,-0.014367504
Gamma,D215D,0.101545
Iota,D215D,-0.014736129
Lambda,D215D,0.019178035
Mu,D215D,-0.0028504906
Omicron/BA.1,D215D,0.033557232
Omicron/BA.2,D215D,0.032993175
Omicron/BA.4+,D215D,-0.07058233
Wild Type,D215D,0.007739451
bivalent,D215D,-0.009734301
bivalent_with_rna,D215D,-0.10648623
cocktail,D215D,0.038317665
double_vax,D215D,-0.14380063
inactivated,D215D,-0.06600978
inactivated_with_rna,D215D,0.12574452
multiple_rna,D215D,-0.07585692
rna,D215D,0.020858355
single_vax,D215D,-0.015883531
unknown,D215D,0.08732985
vax_with_bivalent,D215D,-0.12713638
vax_with_rna,D215D,0.022876728
Alpha,D215G,0.024205014
Beta,D215G,-0.03168814
Delta,D215G,-0.015172104
Epsilon,D215G,0.0535667
Gamma,D215G,-0.06731161
Iota,D215G,0.045299083
Lambda,D215G,-0.008801582
Mu,D215G,0.012694946
Omicron/BA.1,D215G,0.11115721
Omicron/BA.2,D215G,-0.028026287
Omicron/BA.4+,D215G,-0.029649928
Wild Type,D215G,0.022010878
bivalent,D215G,-0.023690425
bivalent_with_rna,D215G,-0.110753246
cocktail,D215G,0.06481233
double_vax,D215G,0.0656626
inactivated,D215G,0.05358822
inactivated_with_rna,D215G,0.03322279
multiple_rna,D215G,0.043119937
rna,D215G,-0.023045788
single_vax,D215G,0.021594204
unknown,D215G,0.06889701
vax_with_bivalent,D215G,0.0689001
vax_with_rna,D215G,-0.0052005257
Alpha,D215H,0.06272091
Beta,D215H,-0.18695533
Delta,D215H,0.08082044
Epsilon,D215H,-0.033145353
Gamma,D215H,-0.02988023
Iota,D215H,0.043923613
Lambda,D215H,-0.037647877
Mu,D215H,0.023059422
Omicron/BA.1,D215H,-0.021523735
Omicron/BA.2,D215H,-0.08523268
Omicron/BA.4+,D215H,0.038809158
Wild Type,D215H,0.072304145
bivalent,D215H,-0.012037401
bivalent_with_rna,D215H,-0.043240555
cocktail,D215H,-0.014444562
double_vax,D215H,-0.056631096
inactivated,D215H,-0.0333272
inactivated_with_rna,D215H,-0.05256924
multiple_rna,D215H,-0.024377108
rna,D215H,0.088732034
single_vax,D215H,-0.11935776
unknown,D215H,-0.02714672
vax_with_bivalent,D215H,0.033522386
vax_with_rna,D215H,0.0053513907
Alpha,D215N,-0.053303786
Beta,D215N,-0.0010298602
Delta,D215N,-0.07454017
Epsilon,D215N,0.04810139
Gamma,D215N,0.08124902
Iota,D215N,-0.13215052
Lambda,D215N,0.11024159
Mu,D215N,0.048075214
Omicron/BA.1,D215N,0.044238508
Omicron/BA.2,D215N,-0.05675877
Omicron/BA.4+,D215N,-0.030420773
Wild Type,D215N,-0.08779145
bivalent,D215N,-0.03890749
bivalent_with_rna,D215N,-0.03493103
cocktail,D215N,-0.021149037
double_vax,D215N,0.02274971
inactivated,D215N,0.05808999
inactivated_with_rna,D215N,-0.017920526
multiple_rna,D215N,-0.15550804
rna,D215N,0.032123297
single_vax,D215N,0.0241246
unknown,D215N,0.031041864
vax_with_bivalent,D215N,0.058711644
vax_with_rna,D215N,-0.073274896
Alpha,D215Y,-0.003417667
Beta,D215Y,-0.018759027
Delta,D215Y,-0.036508977
Epsilon,D215Y,0.09098363
Gamma,D215Y,0.07172969
Iota,D215Y,-0.079915285
Lambda,D215Y,-0.09587874
Mu,D215Y,0.032093912
Omicron/BA.1,D215Y,0.0147995725
Omicron/BA.2,D215Y,0.0006721779
Omicron/BA.4+,D215Y,-0.06565192
Wild Type,D215Y,-0.003757216
bivalent,D215Y,0.03949801
bivalent_with_rna,D215Y,0.008933218
cocktail,D215Y,-0.06318887
double_vax,D215Y,0.0016601095
inactivated,D215Y,0.01260166
inactivated_with_rna,D215Y,0.05089442
multiple_rna,D215Y,-0.029419217
rna,D215Y,-0.013130527
single_vax,D215Y,0.030576779
unknown,D215Y,-0.051888004
vax_with_bivalent,D215Y,0.037621573
vax_with_rna,D215Y,0.06471888
Alpha,D228E,-0.054488532
Beta,D228E,0.04886017
Delta,D228E,0.04266145
Epsilon,D228E,-0.019373689
Gamma,D228E,-0.015229054
Iota,D228E,-0.066421434
Lambda,D228E,-0.09626666
Mu,D228E,-0.08409744
Omicron/BA.1,D228E,0.017508168
Omicron/BA.2,D228E,0.051579196
Omicron/BA.4+,D228E,0.02469332
Wild Type,D228E,-0.052404374
bivalent,D228E,0.0014772455
bivalent_with_rna,D228E,0.018845746
cocktail,D228E,0.12157632
double_vax,D228E,0.009332731
inactivated,D228E,0.044640582
inactivated_with_rna,D228E,0.0042570536
multiple_rna,D228E,-0.06403095
rna,D228E,0.021638174
single_vax,D228E,-0.08701073
unknown,D228E,-0.047531817
vax_with_bivalent,D228E,-0.11649896
vax_with_rna,D228E,-0.09935403
Alpha,D228K,0.06862842
Beta,D228K,0.06589306
Delta,D228K,-0.0024975503
Epsilon,D228K,-0.025825765
Gamma,D228K,-0.039295435
Iota,D228K,0.08804002
Lambda,D228K,-0.05335941
Mu,D228K,-0.02651398
Omicron/BA.1,D228K,0.01686114
Omicron/BA.2,D228K,-0.042734884
Omicron/BA.4+,D228K,0.07780174
Wild Type,D228K,-0.09489427
bivalent,D228K,-0.06988006
bivalent_with_rna,D228K,-0.10519667
cocktail,D228K,0.076760806
double_vax,D228K,0.058113318
inactivated,D228K,0.07158221
inactivated_with_rna,D228K,-0.07320927
multiple_rna,D228K,0.090978235
rna,D228K,-0.03185308
single_vax,D228K,0.02597506
unknown,D228K,0.07152432
vax_with_bivalent,D228K,-0.08377383
vax_with_rna,D228K,0.022792729
Alpha,D253G,-0.0513916
Beta,D253G,0.067724235
Delta,D253G,-0.020276584
Epsilon,D253G,-0.017855152
Gamma,D253G,-0.06098034
Iota,D253G,-0.033222575
Lambda,D253G,-0.035775833
Mu,D253G,0.033156678
Omicron/BA.1,D253G,0.03926254
Omicron/BA.2,D253G,-0.10010342
Omicron/BA.4+,D253G,-0.019429466
Wild Type,D253G,0.03191283
bivalent,D253G,-0.022617046
bivalent_with_rna,D253G,0.054671213
cocktail,D253G,0.09351416
double_vax,D253G,-0.13821733
inactivated,D253G,0.061962605
inactivated_with_rna,D253G,-0.0102362
multiple_rna,D253G,0.034673527
rna,D253G,-0.0036506653
single_vax,D253G,-0.017933963
unknown,D253G,0.042266257
vax_with_bivalent,D253G,-0.034154974
vax_with_rna,D253G,-0.1147005
Alpha,D253I,0.06095939
Beta,D253I,-0.066025704
Delta,D253I,0.018822115
Epsilon,D253I,0.016778788
Gamma,D253I,-0.03575697
Iota,D253I,-0.004876248
Lambda,D253I,0.023371575
Mu,D253I,0.01126636
Omicron/BA.1,D253I,0.045909926
Omicron/BA.2,D253I,-0.057598807
Omicron/BA.4+,D253I,0.080398165
Wild Type,D253I,0.023993304
bivalent,D253I,0.016159674
bivalent_with_rna,D253I,-0.04323142
cocktail,D253I,0.06088426
double_vax,D253I,0.010458042
inactivated,D253I,0.03008252
inactivated_with_rna,D253I,-0.004783109
multiple_rna,D253I,-0.10580494
rna,D253I,-0.021046236
single_vax,D253I,-0.004912724
unknown,D253I,-0.058736414
vax_with_bivalent,D253I,0.07438279
vax_with_rna,D253I,0.004939462
Alpha,D253N,-0.02674336
Beta,D253N,-0.04637601
Delta,D253N,0.0025898032
Epsilon,D253N,0.02955462
Gamma,D253N,0.09175814
Iota,D253N,0.001940466
Lambda,D253N,-0.033662777
Mu,D253N,0.013116354
Omicron/BA.1,D253N,-0.0322078
Omicron/BA.2,D253N,-0.03690636
Omicron/BA.4+,D253N,-0.04063858
Wild Type,D253N,-0.005063573
bivalent,D253N,-0.060952954
bivalent_with_rna,D253N,-0.07604044
cocktail,D253N,0.054742187
double_vax,D253N,-0.05162806
inactivated,D253N,-0.029228033
inactivated_with_rna,D253N,0.09545516
multiple_rna,D253N,-0.0655094
rna,D253N,-0.061834086
single_vax,D253N,0.09860532
unknown,D253N,0.08909611
vax_with_bivalent,D253N,-0.007843385
vax_with_rna,D253N,0.035005484
Alpha,D253Y,0.02768407
Beta,D253Y,-0.05447705
Delta,D253Y,0.01889557
Epsilon,D253Y,-0.06668241
Gamma,D253Y,0.054513387
Iota,D253Y,0.001173324
Lambda,D253Y,0.0783457
Mu,D253Y,0.0049834214
Omicron/BA.1,D253Y,-0.10969839
Omicron/BA.2,D253Y,-0.04120508
Omicron/BA.4+,D253Y,0.056151632
Wild Type,D253Y,0.06353191
bivalent,D253Y,0.063969806
bivalent_with_rna,D253Y,0.040095545
cocktail,D253Y,0.0125231575
double_vax,D253Y,-0.014058276
inactivated,D253Y,-0.0023365587
inactivated_with_rna,D253Y,0.04434492
multiple_rna,D253Y,0.07211159
rna,D253Y,-0.022553738
single_vax,D253Y,-0.043410305
unknown,D253Y,0.005459968
vax_with_bivalent,D253Y,0.0146734165
vax_with_rna,D253Y,-0.087821245
Alpha,D294N,-0.084686294
Beta,D294N,0.056039542
Delta,D294N,-0.088355385
Epsilon,D294N,-0.0003604833
Gamma,D294N,0.02987454
Iota,D294N,0.023826413
Lambda,D294N,0.0010190422
Mu,D294N,0.02568267
Omicron/BA.1,D294N,-0.032113925
Omicron/BA.2,D294N,-0.024650685
Omicron/BA.4+,D294N,-0.043173697
Wild Type,D294N,-0.06520011
bivalent,D294N,0.055923678
bivalent_with_rna,D294N,0.030540591
cocktail,D294N,-0.031725667
double_vax,D294N,0.0337913
inactivated,D294N,0.025110217
inactivated_with_rna,D294N,0.087810434
multiple_rna,D294N,0.090841606
rna,D294N,-0.019361133
single_vax,D294N,0.028959632
unknown,D294N,0.028439008
vax_with_bivalent,D294N,-0.03580656
vax_with_rna,D294N,0.056967642
Alpha,D405D,-0.012626926
Beta,D405D,0.1081486
Delta,D405D,-0.04516804
Epsilon,D405D,0.0018116916
Gamma,D405D,0.011229454
Iota,D405D,-0.0016659824
Lambda,D405D,-0.09625503
Mu,D405D,-0.064690806
Omicron/BA.1,D405D,0.109518304
Omicron/BA.2,D405D,0.016551333
Omicron/BA.4+,D405D,0.020011514
Wild Type,D405D,0.054399543
bivalent,D405D,-0.019136671
bivalent_with_rna,D405D,-0.006278979
cocktail,D405D,0.023886712
double_vax,D405D,-0.08772876
inactivated,D405D,0.010528723
inactivated_with_rna,D405D,0.084741965
multiple_rna,D405D,0.027239788
rna,D405D,0.0018809224
single_vax,D405D,0.09175819
unknown,D405D,-0.0039695306
vax_with_bivalent,D405D,-0.0654855
vax_with_rna,D405D,-0.08353498
Alpha,D405K,0.005563969
Beta,D405K,0.040570725
Delta,D405K,-0.022909213
Epsilon,D405K,0.0032565282
Gamma,D405K,0.026263883
Iota,D405K,-0.029636396
Lambda,D405K,0.041413143
Mu,D405K,0.10229406
Omicron/BA.1,D405K,-0.053159706
Omicron/BA.2,D405K,0.09912119
Omicron/BA.4+,D405K,0.038646493
Wild Type,D405K,0.016764678
bivalent,D405K,0.054857854
bivalent_with_rna,D405K,0.08419814
cocktail,D405K,-0.111112885
double_vax,D405K,-0.04080031
inactivated,D405K,-0.0422855
inactivated_with_rna,D405K,-0.012054823
multiple_rna,D405K,-0.0040137507
rna,D405K,0.035679147
single_vax,D405K,0.01945903
unknown,D405K,-0.021458168
vax_with_bivalent,D405K,0.11470452
vax_with_rna,D405K,0.101138055
Alpha,D405N,0.0526562
Beta,D405N,-0.063513555
Delta,D405N,0.035084322
Epsilon,D405N,-0.0016771203
Gamma,D405N,0.002772822
Iota,D405N,0.033116188
Lambda,D405N,-0.0011311532
Mu,D405N,0.09405749
Omicron/BA.1,D405N,-0.015171655
Omicron/BA.2,D405N,-0.0658335
Omicron/BA.4+,D405N,0.0069487453
Wild Type,D405N,0.018681383
bivalent,D405N,0.04708091
bivalent_with_rna,D405N,0.037751295
cocktail,D405N,-0.0075898836
double_vax,D405N,0.033253394
inactivated,D405N,0.02520783
inactivated_with_rna,D405N,0.0660983
multiple_rna,D405N,0.041558232
rna,D405N,0.03651614
single_vax,D405N,0.040572867
unknown,D405N,0.0025260493
vax_with_bivalent,D405N,-0.00047061127
vax_with_rna,D405N,0.0480066
Alpha,D427Y,-0.00097285816
Beta,D427Y,-0.12619725
Delta,D427Y,-0.027909597
Epsilon,D427Y,-0.01707806
Gamma,D427Y,-0.01650466
Iota,D427Y,0.009475472
Lambda,D427Y,-0.036591865
Mu,D427Y,0.12244001
Omicron/BA.1,D427Y,0.026928397
Omicron/BA.2,D427Y,-0.023256388
Omicron/BA.4+,D427Y,-0.04644479
Wild Type,D427Y,0.026783077
bivalent,D427Y,0.035599396
bivalent_with_rna,D427Y,-0.02311482
cocktail,D427Y,-0.067392975
double_vax,D427Y,0.032979734
inactivated,D427Y,0.065394185
inactivated_with_rna,D427Y,0.076659404
multiple_rna,D427Y,0.13075306
rna,D427Y,-0.056018718
single_vax,D427Y,0.034427956
unknown,D427Y,0.100696035
vax_with_bivalent,D427Y,-0.08599813
vax_with_rna,D427Y,-0.052990798
Alpha,D574V,-0.066941485
Beta,D574V,0.04828374
Delta,D574V,-0.024397198
Epsilon,D574V,0.08730709
Gamma,D574V,0.007274689
Iota,D574V,0.049569525
Lambda,D574V,0.014073351
Mu,D574V,0.049695052
Omicron/BA.1,D574V,0.06629123
Omicron/BA.2,D574V,-0.027444936
Omicron/BA.4+,D574V,-0.027239699
Wild Type,D574V,0.0068565896
bivalent,D574V,0.056013606
bivalent_with_rna,D574V,0.023362204
cocktail,D574V,0.058718644
double_vax,D574V,0.015145205
inactivated,D574V,0.015166751
inactivated_with_rna,D574V,0.022869231
multiple_rna,D574V,-0.0022916198
rna,D574V,0.060826637
single_vax,D574V,-0.020885766
unknown,D574V,0.0011845864
vax_with_bivalent,D574V,0.032807242
vax_with_rna,D574V,-0.0045101326
Alpha,D614D,-0.04321809
Beta,D614D,0.09541056
Delta,D614D,-0.04534089
Epsilon,D614D,0.064856075
Gamma,D614D,0.11369094
Iota,D614D,-0.0072311647
Lambda,D614D,0.03552041
Mu,D614D,-0.01632686
Omicron/BA.1,D614D,-0.01786099
Omicron/BA.2,D614D,0.0021332158
Omicron/BA.4+,D614D,0.015025814
Wild Type,D614D,0.0020970178
bivalent,D614D,0.07647171
bivalent_with_rna,D614D,0.02285318
cocktail,D614D,0.03813506
double_vax,D614D,-0.04815236
inactivated,D614D,0.09892078
inactivated_with_rna,D614D,-0.046937514
multiple_rna,D614D,-0.01205688
rna,D614D,-0.005057478
single_vax,D614D,-0.016588328
unknown,D614D,-0.04259976
vax_with_bivalent,D614D,-0.07003164
vax_with_rna,D614D,-0.045232303
Alpha,D627E,0.020468203
Beta,D627E,-0.05861957
Delta,D627E,-0.12208205
Epsilon,D627E,-0.027288657
Gamma,D627E,-0.06374951
Iota,D627E,-0.0070644044
Lambda,D627E,0.04860668
Mu,D627E,-0.039152004
Omicron/BA.1,D627E,-0.025378786
Omicron/BA.2,D627E,0.0010387483
Omicron/BA.4+,D627E,-0.046159126
Wild Type,D627E,0.0063664075
bivalent,D627E,0.016892867
bivalent_with_rna,D627E,0.006314762
cocktail,D627E,-0.0729394
double_vax,D627E,-0.041654326
inactivated,D627E,-0.021275546
inactivated_with_rna,D627E,-0.09156001
multiple_rna,D627E,0.054714497
rna,D627E,0.03149765
single_vax,D627E,-0.060048915
unknown,D627E,0.039404467
vax_with_bivalent,D627E,-0.12328898
vax_with_rna,D627E,-0.08252667
Alpha,D796D,0.017645853
Beta,D796D,0.021061394
Delta,D796D,-0.044898078
Epsilon,D796D,-0.005129743
Gamma,D796D,0.00017585233
Iota,D796D,0.077955216
Lambda,D796D,-0.07394998
Mu,D796D,0.013596943
Omicron/BA.1,D796D,0.030317105
Omicron/BA.2,D796D,-0.058751345
Omicron/BA.4+,D796D,-0.10206787
Wild Type,D796D,0.12554869
bivalent,D796D,-0.0031391084
bivalent_with_rna,D796D,0.005427636
cocktail,D796D,0.15630499
double_vax,D796D,-0.01860821
inactivated,D796D,-0.024665626
inactivated_with_rna,D796D,0.024407433
multiple_rna,D796D,-0.03719613
rna,D796D,-0.009381
single_vax,D796D,0.11220234
unknown,D796D,0.017123733
vax_with_bivalent,D796D,-0.11127032
vax_with_rna,D796D,-0.008619359
Alpha,D796H,-0.15494795
Beta,D796H,-0.009370504
Delta,D796H,0.12567428
Epsilon,D796H,0.07889993
Gamma,D796H,0.05404
Iota,D796H,0.0075809117
Lambda,D796H,-0.064671956
Mu,D796H,-0.0116142705
Omicron/BA.1,D796H,0.09774534
Omicron/BA.2,D796H,0.01114532
Omicron/BA.4+,D796H,-0.027349869
Wild Type,D796H,0.08105207
bivalent,D796H,-0.13412325
bivalent_with_rna,D796H,-0.013153113
cocktail,D796H,0.026005981
double_vax,D796H,-0.15092255
inactivated,D796H,0.06628763
inactivated_with_rna,D796H,0.0066513913
multiple_rna,D796H,0.0263226
rna,D796H,-0.08139756
single_vax,D796H,0.0011938633
unknown,D796H,-0.02856243
vax_with_bivalent,D796H,0.115215965
vax_with_rna,D796H,-0.0028871526
Alpha,D796Y,0.08752298
Beta,D796Y,-0.03760232
Delta,D796Y,0.047554996
Epsilon,D796Y,-0.0523146
Gamma,D796Y,0.033540685
Iota,D796Y,0.028455058
Lambda,D796Y,0.02041024
Mu,D796Y,0.09279126
Omicron/BA.1,D796Y,0.029118355
Omicron/BA.2,D796Y,0.022191726
Omicron/BA.4+,D796Y,0.023315718
Wild Type,D796Y,0.032441437
bivalent,D796Y,0.05505563
bivalent_with_rna,D796Y,0.024734508
cocktail,D796Y,0.02226495
double_vax,D796Y,0.032929838
inactivated,D796Y,0.031311348
inactivated_with_rna,D796Y,0.011598075
multiple_rna,D796Y,0.04437766
rna,D796Y,0.046166923
single_vax,D796Y,0.07371672
unknown,D796Y,0.045134917
vax_with_bivalent,D796Y,0.029436907
vax_with_rna,D796Y,0.059065577
Alpha,D80A,0.04103786
Beta,D80A,-0.020681335
Delta,D80A,0.10374239
Epsilon,D80A,0.05771981
Gamma,D80A,0.029668491
Iota,D80A,-0.035902314
Lambda,D80A,0.04374557
Mu,D80A,0.054531865
Omicron/BA.1,D80A,-0.057142552
Omicron/BA.2,D80A,-0.11045267
Omicron/BA.4+,D80A,-0.04904877
Wild Type,D80A,0.09086191
bivalent,D80A,0.0076460745
bivalent_with_rna,D80A,-0.08088153
cocktail,D80A,0.031338476
double_vax,D80A,0.044046357
inactivated,D80A,0.020515334
inactivated_with_rna,D80A,-0.026277192
multiple_rna,D80A,-0.0060451245
rna,D80A,-0.020430982
single_vax,D80A,0.025259307
unknown,D80A,-0.079386204
vax_with_bivalent,D80A,0.013328794
vax_with_rna,D80A,0.08884703
Alpha,D80Y,0.063155785
Beta,D80Y,-0.096819334
Delta,D80Y,-0.07542658
Epsilon,D80Y,0.034357093
Gamma,D80Y,-0.051416986
Iota,D80Y,-0.026654096
Lambda,D80Y,-0.1002105
Mu,D80Y,0.024626285
Omicron/BA.1,D80Y,0.20161033
Omicron/BA.2,D80Y,0.039166495
Omicron/BA.4+,D80Y,-0.007555658
Wild Type,D80Y,-0.0069466652
bivalent,D80Y,0.030102333
bivalent_with_rna,D80Y,-0.011337703
cocktail,D80Y,-0.05016294
double_vax,D80Y,0.019946957
inactivated,D80Y,-0.043633346
inactivated_with_rna,D80Y,-0.04726233
multiple_rna,D80Y,-0.13734345
rna,D80Y,-0.035266753
single_vax,D80Y,0.0050753662
unknown,D80Y,0.036190443
vax_with_bivalent,D80Y,-0.04657603
vax_with_rna,D80Y,0.011646672
Alpha,D839E,0.036507726
Beta,D839E,0.09230797
Delta,D839E,0.08092052
Epsilon,D839E,0.010852668
Gamma,D839E,0.02782881
Iota,D839E,-0.041956306
Lambda,D839E,0.004807609
Mu,D839E,0.023513203
Omicron/BA.1,D839E,0.12893865
Omicron/BA.2,D839E,-0.028209176
Omicron/BA.4+,D839E,0.052060615
Wild Type,D839E,0.026440192
bivalent,D839E,0.047348794
bivalent_with_rna,D839E,-0.0809333
cocktail,D839E,-0.062580176
double_vax,D839E,0.005908523
inactivated,D839E,-0.030157926
inactivated_with_rna,D839E,0.057213128
multiple_rna,D839E,-0.0065360693
rna,D839E,-0.024155943
single_vax,D839E,0.01751437
unknown,D839E,0.054254793
vax_with_bivalent,D839E,-0.008729491
vax_with_rna,D839E,0.09899132
Alpha,D839Y,-0.13259172
Beta,D839Y,0.042965356
Delta,D839Y,0.087284885
Epsilon,D839Y,0.046680126
Gamma,D839Y,0.030191217
Iota,D839Y,-0.027065773
Lambda,D839Y,-0.02717033
Mu,D839Y,-0.08228951
Omicron/BA.1,D839Y,-0.008480657
Omicron/BA.2,D839Y,0.12611191
Omicron/BA.4+,D839Y,-0.06833414
Wild Type,D839Y,0.05995189
bivalent,D839Y,0.1002836
bivalent_with_rna,D839Y,0.06028393
cocktail,D839Y,-0.15342452
double_vax,D839Y,0.01945166
inactivated,D839Y,-0.016495392
inactivated_with_rna,D839Y,-0.012855118
multiple_rna,D839Y,-0.0065709883
rna,D839Y,0.039339732
single_vax,D839Y,0.017414223
unknown,D839Y,0.09390794
vax_with_bivalent,D839Y,0.030707166
vax_with_rna,D839Y,0.03094276
Alpha,D936E,0.030856106
Beta,D936E,0.040864836
Delta,D936E,0.012858934
Epsilon,D936E,-0.060261525
Gamma,D936E,-0.012878666
Iota,D936E,-0.03792306
Lambda,D936E,-0.16697848
Mu,D936E,-0.06229046
Omicron/BA.1,D936E,0.056731455
Omicron/BA.2,D936E,0.051496897
Omicron/BA.4+,D936E,-0.02087044
Wild Type,D936E,-0.048032016
bivalent,D936E,-0.10887925
bivalent_with_rna,D936E,0.040040813
cocktail,D936E,-0.018969687
double_vax,D936E,-0.05108297
inactivated,D936E,-0.021490302
inactivated_with_rna,D936E,-0.0035254452
multiple_rna,D936E,0.09379847
rna,D936E,-0.019817807
single_vax,D936E,-0.023681
unknown,D936E,0.082373366
vax_with_bivalent,D936E,0.06390463
vax_with_rna,D936E,0.05458024
Alpha,D936H,-0.0035365624
Beta,D936H,-0.0112622045
Delta,D936H,0.011687482
Epsilon,D936H,0.010060757
Gamma,D936H,-0.06642684
Iota,D936H,0.013735078
Lambda,D936H,-0.017316513
Mu,D936H,-0.027435098
Omicron/BA.1,D936H,-0.12888913
Omicron/BA.2,D936H,0.027857734
Omicron/BA.4+,D936H,0.035307303
Wild Type,D936H,-0.10218023
bivalent,D936H,-0.013606272
bivalent_with_rna,D936H,-0.046022408
cocktail,D936H,-0.030833812
double_vax,D936H,0.030854713
inactivated,D936H,-0.039124798
inactivated_with_rna,D936H,-0.0652806
multiple_rna,D936H,0.09863886
rna,D936H,0.038006246
single_vax,D936H,-0.07039859
unknown,D936H,-0.07664171
vax_with_bivalent,D936H,0.037812922
vax_with_rna,D936H,-0.12794471
Alpha,D936Y,-0.03639909
Beta,D936Y,-0.00067628396
Delta,D936Y,0.0799074
Epsilon,D936Y,-0.06560003
Gamma,D936Y,-0.04206908
Iota,D936Y,0.04077191
Lambda,D936Y,-0.00533137
Mu,D936Y,-0.019499
Omicron/BA.1,D936Y,-0.036750305
Omicron/BA.2,D936Y,-0.120495595
Omicron/BA.4+,D936Y,-0.038291346
Wild Type,D936Y,0.0027623698
bivalent,D936Y,0.039532937
bivalent_with_rna,D936Y,0.07659301
cocktail,D936Y,0.16322798
double_vax,D936Y,-0.110337056
inactivated,D936Y,0.022903973
inactivated_with_rna,D936Y,0.0028500217
multiple_rna,D936Y,-0.020662578
rna,D936Y,-0.028879918
single_vax,D936Y,-0.15732719
unknown,D936Y,0.12468398
vax_with_bivalent,D936Y,0.0043563526
vax_with_rna,D936Y,0.021375448
Alpha,D950N,0.008201753
Beta,D950N,-0.032210965
Delta,D950N,-0.12502939
Epsilon,D950N,0.020263663
Gamma,D950N,0.09551206
Iota,D950N,0.042480394
Lambda,D950N,0.076541066
Mu,D950N,0.007159318
Omicron/BA.1,D950N,-0.014669684
Omicron/BA.2,D950N,0.019341284
Omicron/BA.4+,D950N,0.16806439
Wild Type,D950N,-0.0007347595
bivalent,D950N,-0.009455472
bivalent_with_rna,D950N,0.025350295
cocktail,D950N,0.07721863
double_vax,D950N,0.02027617
inactivated,D950N,0.08822476
inactivated_with_rna,D950N,0.067399226
multiple_rna,D950N,0.073686466
rna,D950N,0.030700736
single_vax,D950N,0.048731115
unknown,D950N,-0.032818962
vax_with_bivalent,D950N,0.06036324
vax_with_rna,D950N,0.06455675
Alpha,E1072K,-0.06284775
Beta,E1072K,0.017457224
Delta,E1072K,0.037984334
Epsilon,E1072K,-0.022974176
Gamma,E1072K,-0.011975313
Iota,E1072K,0.05756221
Lambda,E1072K,-0.0053467043
Mu,E1072K,0.01640052
Omicron/BA.1,E1072K,-0.008178946
Omicron/BA.2,E1072K,-0.045315765
Omicron/BA.4+,E1072K,0.019360822
Wild Type,E1072K,-0.05897179
bivalent,E1072K,0.03336244
bivalent_with_rna,E1072K,-0.025646592
cocktail,E1072K,0.03690663
double_vax,E1072K,-0.0045987302
inactivated,E1072K,-0.06974821
inactivated_with_rna,E1072K,0.011274122
multiple_rna,E1072K,-0.026199995
rna,E1072K,-0.014968002
single_vax,E1072K,-0.13980055
unknown,E1072K,0.08661915
vax_with_bivalent,E1072K,0.08868882
vax_with_rna,E1072K,0.013048708
Alpha,E1111S,-0.07806236
Beta,E1111S,0.03435968
Delta,E1111S,0.07607896
Epsilon,E1111S,-0.10175929
Gamma,E1111S,-0.017997732
Iota,E1111S,-0.108099334
Lambda,E1111S,-0.064686395
Mu,E1111S,0.036699582
Omicron/BA.1,E1111S,0.048887096
Omicron/BA.2,E1111S,0.027801758
Omicron/BA.4+,E1111S,0.034396186
Wild Type,E1111S,0.047755927
bivalent,E1111S,-0.01694347
bivalent_with_rna,E1111S,-0.018951703
cocktail,E1111S,0.061690208
double_vax,E1111S,0.0012097014
inactivated,E1111S,0.027077258
inactivated_with_rna,E1111S,0.011171658
multiple_rna,E1111S,0.017754383
rna,E1111S,-0.04649823
single_vax,E1111S,0.016224526
unknown,E1111S,0.047744963
vax_with_bivalent,E1111S,-0.045719303
vax_with_rna,E1111S,0.1361818
Alpha,E132N,0.030523052
Beta,E132N,0.009197218
Delta,E132N,-0.014380423
Epsilon,E132N,0.019732546
Gamma,E132N,0.08427872
Iota,E132N,0.063651964
Lambda,E132N,0.14788434
Mu,E132N,0.0016392851
Omicron/BA.1,E132N,-0.12939969
Omicron/BA.2,E132N,-0.062736996
Omicron/BA.4+,E132N,-0.01886332
Wild Type,E132N,-0.055627406
bivalent,E132N,0.025803344
bivalent_with_rna,E132N,-0.062545136
cocktail,E132N,0.020815453
double_vax,E132N,-0.03834719
inactivated,E132N,0.048527893
inactivated_with_rna,E132N,0.000920143
multiple_rna,E132N,-0.020855967
rna,E132N,-0.028990842
single_vax,E132N,0.0020744614
unknown,E132N,0.013279939
vax_with_bivalent,E132N,0.06379022
vax_with_rna,E132N,-0.024802458
Alpha,E154K,0.01998752
Beta,E154K,0.089498326
Delta,E154K,-0.007551357
Epsilon,E154K,0.06956811
Gamma,E154K,0.031850796
Iota,E154K,0.07995808
Lambda,E154K,0.019963305
Mu,E154K,-0.02970338
Omicron/BA.1,E154K,-0.02626501
Omicron/BA.2,E154K,0.053289987
Omicron/BA.4+,E154K,0.0056589246
Wild Type,E154K,-0.050740406
bivalent,E154K,0.06491
bivalent_with_rna,E154K,-0.0031105082
cocktail,E154K,-0.010473332
double_vax,E154K,0.080950536
inactivated,E154K,0.048679516
inactivated_with_rna,E154K,-0.0469677
multiple_rna,E154K,0.051551145
rna,E154K,0.0407776
single_vax,E154K,0.11281643
unknown,E154K,-0.07731687
vax_with_bivalent,E154K,0.0040240884
vax_with_rna,E154K,-0.02390223
Alpha,E154Q,0.013976711
Beta,E154Q,0.005707658
Delta,E154Q,-0.010576744
Epsilon,E154Q,0.06667891
Gamma,E154Q,-0.058434553
Iota,E154Q,0.13473928
Lambda,E154Q,-0.14354312
Mu,E154Q,0.022888625
Omicron/BA.1,E154Q,0.067291096
Omicron/BA.2,E154Q,-0.026927445
Omicron/BA.4+,E154Q,0.08676613
Wild Type,E154Q,0.024078572
bivalent,E154Q,-0.03751758
bivalent_with_rna,E154Q,-0.0036329515
cocktail,E154Q,0.09162174
double_vax,E154Q,-0.081000865
inactivated,E154Q,0.067570835
inactivated_with_rna,E154Q,0.020578938
multiple_rna,E154Q,-0.07714149
rna,E154Q,-0.020521924
single_vax,E154Q,-0.014100891
unknown,E154Q,-0.041490797
vax_with_bivalent,E154Q,-0.008403417
vax_with_rna,E154Q,-0.03577494
Alpha,E154T,0.008470191
Beta,E154T,0.18971547
Delta,E154T,-0.012040022
Epsilon,E154T,0.02502065
Gamma,E154T,0.08083235
Iota,E154T,0.023482185
Lambda,E154T,0.009802137
Mu,E154T,0.051671073
Omicron/BA.1,E154T,0.002176365
Omicron/BA.2,E154T,-0.04146407
Omicron/BA.4+,E154T,0.012377762
Wild Type,E154T,0.026749106
bivalent,E154T,0.036514748
bivalent_with_rna,E154T,-0.078650415
cocktail,E154T,-0.014423721
double_vax,E154T,-0.06918725
inactivated,E154T,0.055362172
inactivated_with_rna,E154T,-0.056239843
multiple_rna,E154T,0.1078135
rna,E154T,-0.031610902
single_vax,E154T,0.03676191
unknown,E154T,-0.07878577
vax_with_bivalent,E154T,0.06979345
vax_with_rna,E154T,0.046378247
Alpha,E156G,-0.04228522
Beta,E156G,0.00086027756
Delta,E156G,-0.17078729
Epsilon,E156G,-0.020675885
Gamma,E156G,0.07561744
Iota,E156G,0.05179282
Lambda,E156G,-0.043871976
Mu,E156G,-0.032385584
Omicron/BA.1,E156G,0.039544582
Omicron/BA.2,E156G,-0.004738476
Omicron/BA.4+,E156G,-0.047139138
Wild Type,E156G,-0.027028415
bivalent,E156G,-0.0035514056
bivalent_with_rna,E156G,0.019484919
cocktail,E156G,-0.01163574
double_vax,E156G,-0.0034999405
inactivated,E156G,0.003954378
inactivated_with_rna,E156G,0.03034827
multiple_rna,E156G,0.00029361527
rna,E156G,-0.07157091
single_vax,E156G,-0.017190572
unknown,E156G,0.043407954
vax_with_bivalent,E156G,-0.08851597
vax_with_rna,E156G,0.052787803
Alpha,E156H,-0.0027469015
Beta,E156H,0.02764259
Delta,E156H,0.035018496
Epsilon,E156H,0.012888851
Gamma,E156H,0.06390272
Iota,E156H,-0.053006347
Lambda,E156H,-0.093779914
Mu,E156H,-0.056378614
Omicron/BA.1,E156H,-0.13992214
Omicron/BA.2,E156H,-0.010410555
Omicron/BA.4+,E156H,-0.05150523
Wild Type,E156H,-0.042759784
bivalent,E156H,0.02412309
bivalent_with_rna,E156H,-0.038319334
cocktail,E156H,-0.095009156
double_vax,E156H,0.019102387
inactivated,E156H,0.05481428
inactivated_with_rna,E156H,0.069405295
multiple_rna,E156H,0.041797306
rna,E156H,-0.011285677
single_vax,E156H,0.01815464
unknown,E156H,-0.10562454
vax_with_bivalent,E156H,-0.020588415
vax_with_rna,E156H,0.021179257
Alpha,E156P,0.039597694
Beta,E156P,-0.0019822773
Delta,E156P,-0.057664897
Epsilon,E156P,-0.06841909
Gamma,E156P,-0.11035872
Iota,E156P,-0.11507025
Lambda,E156P,0.026883466
Mu,E156P,-0.03558781
Omicron/BA.1,E156P,0.003063498
Omicron/BA.2,E156P,-0.113728926
Omicron/BA.4+,E156P,0.045634072
Wild Type,E156P,0.050818823
bivalent,E156P,0.08627652
bivalent_with_rna,E156P,0.023665652
cocktail,E156P,0.12877803
double_vax,E156P,0.05256335
inactivated,E156P,0.06404437
inactivated_with_rna,E156P,-0.033342388
multiple_rna,E156P,-0.07666328
rna,E156P,-0.058535565
single_vax,E156P,0.022080049
unknown,E156P,0.025525384
vax_with_bivalent,E156P,-0.074951954
vax_with_rna,E156P,-0.043084316
Alpha,E180A,0.09831721
Beta,E180A,0.029042253
Delta,E180A,0.038946886
Epsilon,E180A,-0.011455499
Gamma,E180A,0.049908467
Iota,E180A,-0.02157468
Lambda,E180A,0.020085927
Mu,E180A,0.06423198
Omicron/BA.1,E180A,0.00022674818
Omicron/BA.2,E180A,-0.08657114
Omicron/BA.4+,E180A,-0.0982463
Wild Type,E180A,-0.051651657
bivalent,E180A,-0.040123258
bivalent_with_rna,E180A,-0.08393295
cocktail,E180A,-0.08015334
double_vax,E180A,0.053122967
inactivated,E180A,0.1196873
inactivated_with_rna,E180A,0.016331172
multiple_rna,E180A,-0.02649866
rna,E180A,-0.011792116
single_vax,E180A,0.032407537
unknown,E180A,-0.10569067
vax_with_bivalent,E180A,-0.05636222
vax_with_rna,E180A,0.0025368393
Alpha,E180G,0.025832359
Beta,E180G,-0.031406615
Delta,E180G,0.054137558
Epsilon,E180G,0.024111789
Gamma,E180G,0.017867623
Iota,E180G,-0.0766943
Lambda,E180G,-0.04326489
Mu,E180G,0.0010892735
Omicron/BA.1,E180G,0.0060101105
Omicron/BA.2,E180G,0.02392944
Omicron/BA.4+,E180G,-0.046472028
Wild Type,E180G,-0.07151348
bivalent,E180G,0.045994185
bivalent_with_rna,E180G,0.012424711
cocktail,E180G,0.073801614
double_vax,E180G,-0.09285185
inactivated,E180G,0.010247359
inactivated_with_rna,E180G,0.014789568
multiple_rna,E180G,0.05208898
rna,E180G,-0.06805277
single_vax,E180G,0.04268346
unknown,E180G,-0.0037737752
vax_with_bivalent,E180G,-0.028558873
vax_with_rna,E180G,0.020292744
Alpha,E180S,-0.04755543
Beta,E180S,0.04584372
Delta,E180S,-0.0049306885
Epsilon,E180S,-0.029277109
Gamma,E180S,-0.07447217
Iota,E180S,0.02949279
Lambda,E180S,0.07218613
Mu,E180S,-0.0370145
Omicron/BA.1,E180S,-0.009732006
Omicron/BA.2,E180S,-0.02417044
Omicron/BA.4+,E180S,-0.056556236
Wild Type,E180S,-0.05825078
bivalent,E180S,0.01897395
bivalent_with_rna,E180S,-0.009765265
cocktail,E180S,0.01973355
double_vax,E180S,0.039767496
inactivated,E180S,0.06717782
inactivated_with_rna,E180S,-0.063364245
multiple_rna,E180S,0.008112025
rna,E180S,-0.05817552
single_vax,E180S,0.032036215
unknown,E180S,-0.015185344
vax_with_bivalent,E180S,0.04064507
vax_with_rna,E180S,-0.07853414
Alpha,E180V,-0.04281484
Beta,E180V,-0.008211844
Delta,E180V,0.069126494
Epsilon,E180V,-0.0067414893
Gamma,E180V,0.03196746
Iota,E180V,0.0057816748
Lambda,E180V,-0.13619296
Mu,E180V,-0.040907517
Omicron/BA.1,E180V,-0.02683292
Omicron/BA.2,E180V,-0.044854656
Omicron/BA.4+,E180V,-0.055298034
Wild Type,E180V,-0.043519393
bivalent,E180V,-0.023701921
bivalent_with_rna,E180V,-0.08039162
cocktail,E180V,-0.058219533
double_vax,E180V,-0.01201828
inactivated,E180V,-0.0033176942
inactivated_with_rna,E180V,0.10254916
multiple_rna,E180V,-0.06527795
rna,E180V,0.04941465
single_vax,E180V,-0.016885458
unknown,E180V,-0.093012564
vax_with_bivalent,E180V,0.012982245
vax_with_rna,E180V,-0.027944703
Alpha,E224K,0.05123973
Beta,E224K,0.0011661579
Delta,E224K,-0.03641578
Epsilon,E224K,0.05122916
Gamma,E224K,0.13977481
Iota,E224K,0.05164647
Lambda,E224K,-0.007045284
Mu,E224K,-0.07907156
Omicron/BA.1,E224K,0.04914926
Omicron/BA.2,E224K,0.03489004
Omicron/BA.4+,E224K,0.013436559
Wild Type,E224K,0.15399498
bivalent,E224K,0.0010615098
bivalent_with_rna,E224K,0.00989501
cocktail,E224K,-0.07758524
double_vax,E224K,0.07539438
inactivated,E224K,-0.13135941
inactivated_with_rna,E224K,-0.04854616
multiple_rna,E224K,0.14061345
rna,E224K,-0.03747217
single_vax,E224K,-0.02072926
unknown,E224K,-0.064394854
vax_with_bivalent,E224K,-0.12428897
vax_with_rna,E224K,0.09039879
Alpha,E281Q,-0.015143342
Beta,E281Q,-0.0006407192
Delta,E281Q,-0.043122202
Epsilon,E281Q,-0.04757759
Gamma,E281Q,0.106364116
Iota,E281Q,0.06768127
Lambda,E281Q,0.0032990389
Mu,E281Q,0.06491621
Omicron/BA.1,E281Q,-0.07744775
Omicron/BA.2,E281Q,-0.040600866
Omicron/BA.4+,E281Q,-0.13532943
Wild Type,E281Q,-0.028498994
bivalent,E281Q,0.014457093
bivalent_with_rna,E281Q,-0.05845783
cocktail,E281Q,0.031598974
double_vax,E281Q,0.061437402
inactivated,E281Q,0.05308827
inactivated_with_rna,E281Q,-0.037761126
multiple_rna,E281Q,-0.017613322
rna,E281Q,0.009997048
single_vax,E281Q,-0.014203143
unknown,E281Q,-0.040038623
vax_with_bivalent,E281Q,-0.023498006
vax_with_rna,E281Q,-0.089297004
Alpha,E309D,0.065499455
Beta,E309D,-0.0038088434
Delta,E309D,-0.096500784
Epsilon,E309D,0.00026580598
Gamma,E309D,-0.031455185
Iota,E309D,0.036759842
Lambda,E309D,0.06376888
Mu,E309D,-0.032875597
Omicron/BA.1,E309D,-0.0066816956
Omicron/BA.2,E309D,0.055107377
Omicron/BA.4+,E309D,0.047009572
Wild Type,E309D,-0.035942733
bivalent,E309D,-0.0069440054
bivalent_with_rna,E309D,0.065323174
cocktail,E309D,0.048255984
double_vax,E309D,-0.009066688
inactivated,E309D,0.03861518
inactivated_with_rna,E309D,-0.0023071915
multiple_rna,E309D,-0.018355131
rna,E309D,-0.0026718974
single_vax,E309D,0.0051166224
unknown,E309D,-0.103699625
vax_with_bivalent,E309D,-0.090329126
vax_with_rna,E309D,-0.035069138
Alpha,E324G,-0.06504178
Beta,E324G,-0.012018291
Delta,E324G,-0.05000284
Epsilon,E324G,0.016411189
Gamma,E324G,0.052714646
Iota,E324G,-0.03741019
Lambda,E324G,-0.0349529
Mu,E324G,0.04622934
Omicron/BA.1,E324G,0.03362757
Omicron/BA.2,E324G,0.0064702113
Omicron/BA.4+,E324G,-0.008036406
Wild Type,E324G,-0.071101464
bivalent,E324G,0.026377117
bivalent_with_rna,E324G,-0.024761468
cocktail,E324G,0.11283511
double_vax,E324G,0.006018609
inactivated,E324G,0.04043434
inactivated_with_rna,E324G,-0.005301515
multiple_rna,E324G,0.031589754
rna,E324G,-0.022374408
single_vax,E324G,0.008767799
unknown,E324G,0.04683897
vax_with_bivalent,E324G,0.060937054
vax_with_rna,E324G,-0.12285776
Alpha,E324I,-0.0038587274
Beta,E324I,0.017646063
Delta,E324I,-0.060096845
Epsilon,E324I,0.067486465
Gamma,E324I,-0.05741185
Iota,E324I,-0.059713587
Lambda,E324I,0.0080275405
Mu,E324I,0.10976368
Omicron/BA.1,E324I,0.042805683
Omicron/BA.2,E324I,-0.07131449
Omicron/BA.4+,E324I,-0.0045653796
Wild Type,E324I,0.10253213
bivalent,E324I,-0.04269541
bivalent_with_rna,E324I,0.027582593
cocktail,E324I,-0.048346087
double_vax,E324I,-0.037568927
inactivated,E324I,0.019244954
inactivated_with_rna,E324I,-0.041745253
multiple_rna,E324I,0.109600246
rna,E324I,0.017016135
single_vax,E324I,0.050279357
unknown,E324I,0.020410795
vax_with_bivalent,E324I,0.07129246
vax_with_rna,E324I,-0.09682422
Alpha,E324K,0.022403993
Beta,E324K,0.10371365
Delta,E324K,-0.034194745
Epsilon,E324K,0.061255977
Gamma,E324K,0.012730881
Iota,E324K,0.032357436
Lambda,E324K,0.06405729
Mu,E324K,0.012126331
Omicron/BA.1,E324K,-0.038473234
Omicron/BA.2,E324K,-0.066823274
Omicron/BA.4+,E324K,0.05625388
Wild Type,E324K,0.0026988583
bivalent,E324K,0.0092037
bivalent_with_rna,E324K,-0.018959241
cocktail,E324K,-0.097024694
double_vax,E324K,-0.08151694
inactivated,E324K,-0.018044166
inactivated_with_rna,E324K,-0.029194187
multiple_rna,E324K,0.057918083
rna,E324K,0.005008394
single_vax,E324K,-0.119380265
unknown,E324K,0.009206918
vax_with_bivalent,E324K,0.034162257
vax_with_rna,E324K,-0.011098045
Alpha,E340K,-0.10278628
Beta,E340K,-0.059426162
Delta,E340K,-0.008788208
Epsilon,E340K,0.032235213
Gamma,E340K,-0.08765012
Iota,E340K,0.07783093
Lambda,E340K,0.06224467
Mu,E340K,0.07812027
Omicron/BA.1,E340K,-0.04565597
Omicron/BA.2,E340K,0.045875818
Omicron/BA.4+,E340K,-0.0025149446
Wild Type,E340K,-0.012670815
bivalent,E340K,0.06538341
bivalent_with_rna,E340K,0.012360895
cocktail,E340K,-0.061434004
double_vax,E340K,0.04853185
inactivated,E340K,0.0043867673
inactivated_with_rna,E340K,0.016260967
multiple_rna,E340K,0.08223845
rna,E340K,-0.049409304
single_vax,E340K,0.012721181
unknown,E340K,-0.028661147
vax_with_bivalent,E340K,-0.094500855
vax_with_rna,E340K,-0.050923325
Alpha,E406D,0.03912707
Beta,E406D,0.041265167
Delta,E406D,-0.022058792
Epsilon,E406D,0.014591426
Gamma,E406D,-0.026987191
Iota,E406D,0.026015984
Lambda,E406D,0.020725247
Mu,E406D,0.026155354
Omicron/BA.1,E406D,0.04825482
Omicron/BA.2,E406D,-0.043250583
Omicron/BA.4+,E406D,0.07944153
Wild Type,E406D,0.021615349
bivalent,E406D,-0.068317086
bivalent_with_rna,E406D,0.023227133
cocktail,E406D,-0.040903457
double_vax,E406D,-0.0057131117
inactivated,E406D,0.10457439
inactivated_with_rna,E406D,-0.04581905
multiple_rna,E406D,-0.032603025
rna,E406D,-0.03196957
single_vax,E406D,0.014752857
unknown,E406D,-0.06979021
vax_with_bivalent,E406D,0.013909544
vax_with_rna,E406D,0.04130363
Alpha,E471V,0.008633468
Beta,E471V,0.081968196
Delta,E471V,-0.013620742
Epsilon,E471V,0.03401672
Gamma,E471V,-0.027608119
Iota,E471V,0.0113532
Lambda,E471V,-0.026598454
Mu,E471V,-0.0678294
Omicron/BA.1,E471V,-0.0070811524
Omicron/BA.2,E471V,0.045696642
Omicron/BA.4+,E471V,0.076707214
Wild Type,E471V,-0.13018005
bivalent,E471V,0.13151693
bivalent_with_rna,E471V,0.02462202
cocktail,E471V,0.01806382
double_vax,E471V,-0.012984615
inactivated,E471V,0.010120739
inactivated_with_rna,E471V,-0.033864435
multiple_rna,E471V,0.0038326615
rna,E471V,-0.052391328
single_vax,E471V,0.03535716
unknown,E471V,0.03674843
vax_with_bivalent,E471V,0.025030205
vax_with_rna,E471V,0.0059327595
Alpha,E484A,0.090362705
Beta,E484A,-0.05284339
Delta,E484A,0.002940729
Epsilon,E484A,0.005091272
Gamma,E484A,0.0638659
Iota,E484A,0.01709202
Lambda,E484A,-0.01307081
Mu,E484A,-0.048506483
Omicron/BA.1,E484A,0.006417238
Omicron/BA.2,E484A,-0.020232042
Omicron/BA.4+,E484A,-0.055640705
Wild Type,E484A,0.038507957
bivalent,E484A,-0.029622026
bivalent_with_rna,E484A,-0.00949884
cocktail,E484A,0.024738211
double_vax,E484A,0.022610087
inactivated,E484A,0.00298286
inactivated_with_rna,E484A,0.0045992956
multiple_rna,E484A,-0.009681936
rna,E484A,-0.0087484615
single_vax,E484A,-0.0042971936
unknown,E484A,-0.01502847
vax_with_bivalent,E484A,0.04184178
vax_with_rna,E484A,-0.012125451
Alpha,E484E,0.051882237
Beta,E484E,0.023993623
Delta,E484E,-0.017946588
Epsilon,E484E,0.08468696
Gamma,E484E,-0.043957427
Iota,E484E,-0.16658707
Lambda,E484E,-0.09097195
Mu,E484E,0.039307617
Omicron/BA.1,E484E,-0.016882567
Omicron/BA.2,E484E,0.007380313
Omicron/BA.4+,E484E,0.012526955
Wild Type,E484E,-0.06973617
bivalent,E484E,-0.028431106
bivalent_with_rna,E484E,0.03459528
cocktail,E484E,0.08262151
double_vax,E484E,-0.040744413
inactivated,E484E,0.0141601395
inactivated_with_rna,E484E,0.09190781
multiple_rna,E484E,0.051876433
rna,E484E,0.043934546
single_vax,E484E,-0.09074724
unknown,E484E,0.101915516
vax_with_bivalent,E484E,-0.061568227
vax_with_rna,E484E,0.002847307
Alpha,E484G,-0.16124429
Beta,E484G,-0.029133357
Delta,E484G,0.009882232
Epsilon,E484G,0.039888576
Gamma,E484G,-0.031243091
Iota,E484G,-0.007343106
Lambda,E484G,-0.005417379
Mu,E484G,0.096398965
Omicron/BA.1,E484G,-0.0067499145
Omicron/BA.2,E484G,-0.030658793
Omicron/BA.4+,E484G,-0.1009414
Wild Type,E484G,-0.032255337
bivalent,E484G,0.029502045
bivalent_with_rna,E484G,0.16567476
cocktail,E484G,-0.06952407
double_vax,E484G,-0.030586928
inactivated,E484G,-0.06208154
inactivated_with_rna,E484G,0.056356806
multiple_rna,E484G,-0.048455942
rna,E484G,-0.09487273
single_vax,E484G,-0.06888676
unknown,E484G,-0.06442975
vax_with_bivalent,E484G,-0.09700476
vax_with_rna,E484G,0.066605225
Alpha,E484K,0.37611195
Beta,E484K,0.24764982
Delta,E484K,0.3325212
Epsilon,E484K,0.30651382
Gamma,E484K,0.20217632
Iota,E484K,0.15218374
Lambda,E484K,0.323242
Mu,E484K,0.22698678
Omicron/BA.1,E484K,0.23965469
Omicron/BA.2,E484K,0.29101464
Omicron/BA.4+,E484K,0.22192422
Wild Type,E484K,0.39345008
bivalent,E484K,0.27082542
bivalent_with_rna,E484K,0.25129884
cocktail,E484K,0.1684242
double_vax,E484K,0.31144696
inactivated,E484K,0.24370407
inactivated_with_rna,E484K,0.24768713
multiple_rna,E484K,0.29110947
rna,E484K,0.25796214
single_vax,E484K,0.33935514
unknown,E484K,0.20769036
vax_with_bivalent,E484K,0.24164845
vax_with_rna,E484K,0.33914363
Alpha,E484P,0.06023484
Beta,E484P,-0.04192369
Delta,E484P,-0.022721792
Epsilon,E484P,-0.02208433
Gamma,E484P,0.09720971
Iota,E484P,0.047314674
Lambda,E484P,0.04545574
Mu,E484P,-0.033750467
Omicron/BA.1,E484P,0.10446692
Omicron/BA.2,E484P,-0.0065411227
Omicron/BA.4+,E484P,0.092310004
Wild Type,E484P,0.00016237749
bivalent,E484P,-0.0115347225
bivalent_with_rna,E484P,0.024489678
cocktail,E484P,0.041426122
double_vax,E484P,-0.048257828
inactivated,E484P,-0.048089944
inactivated_with_rna,E484P,0.07241436
multiple_rna,E484P,0.04906688
rna,E484P,-0.0021077767
single_vax,E484P,0.034206815
unknown,E484P,0.08131784
vax_with_bivalent,E484P,0.16142711
vax_with_rna,E484P,0.029782537
Alpha,E484Q,0.0559999
Beta,E484Q,0.050587356
Delta,E484Q,0.08581182
Epsilon,E484Q,0.014355638
Gamma,E484Q,0.05397098
Iota,E484Q,-0.10006481
Lambda,E484Q,0.13651302
Mu,E484Q,0.023083456
Omicron/BA.1,E484Q,0.062028266
Omicron/BA.2,E484Q,0.064352304
Omicron/BA.4+,E484Q,0.0418345
Wild Type,E484Q,0.040687904
bivalent,E484Q,-0.0016007342
bivalent_with_rna,E484Q,-0.072951086
cocktail,E484Q,0.12852164
double_vax,E484Q,0.013097301
inactivated,E484Q,-0.0818973
inactivated_with_rna,E484Q,0.029823136
multiple_rna,E484Q,-0.0116630485
rna,E484Q,0.048560623
single_vax,E484Q,0.024712998
unknown,E484Q,0.016884152
vax_with_bivalent,E484Q,0.030612703
vax_with_rna,E484Q,-0.036491685
Alpha,E484R,0.06573015
Beta,E484R,0.06865532
Delta,E484R,0.090162575
Epsilon,E484R,-0.05029144
Gamma,E484R,0.014959185
Iota,E484R,-0.084597364
Lambda,E484R,0.024131373
Mu,E484R,-0.015350379
Omicron/BA.1,E484R,0.059379283
Omicron/BA.2,E484R,-0.07219981
Omicron/BA.4+,E484R,-0.07877677
Wild Type,E484R,0.005102196
bivalent,E484R,0.115338534
bivalent_with_rna,E484R,0.10002275
cocktail,E484R,-0.0071173823
double_vax,E484R,0.0033288542
inactivated,E484R,0.028092256
inactivated_with_rna,E484R,0.0008945116
multiple_rna,E484R,0.037399545
rna,E484R,-0.113532834
single_vax,E484R,-0.03008358
unknown,E484R,-0.039862175
vax_with_bivalent,E484R,-0.004808983
vax_with_rna,E484R,-0.056931198
Alpha,E484V,-0.08209852
Beta,E484V,0.02024748
Delta,E484V,-0.074767865
Epsilon,E484V,0.005827361
Gamma,E484V,-0.008719413
Iota,E484V,-0.002053533
Lambda,E484V,0.0984408
Mu,E484V,0.004889603
Omicron/BA.1,E484V,0.009510824
Omicron/BA.2,E484V,0.0069309683
Omicron/BA.4+,E484V,0.014035645
Wild Type,E484V,0.0077793896
bivalent,E484V,0.0375099
bivalent_with_rna,E484V,-0.084055915
cocktail,E484V,0.011553008
double_vax,E484V,0.048660908
inactivated,E484V,0.09110394
inactivated_with_rna,E484V,-0.007098878
multiple_rna,E484V,-0.06614331
rna,E484V,0.01807553
single_vax,E484V,-0.031986505
unknown,E484V,0.05509837
vax_with_bivalent,E484V,0.042447552
vax_with_rna,E484V,-0.008254116
Alpha,E554K,-0.08190416
Beta,E554K,-0.0033023749
Delta,E554K,0.076444335
Epsilon,E554K,-0.0055484776
Gamma,E554K,0.010994407
Iota,E554K,0.04535847
Lambda,E554K,-0.08492061
Mu,E554K,0.08426437
Omicron/BA.1,E554K,0.05165862
Omicron/BA.2,E554K,0.041203585
Omicron/BA.4+,E554K,-0.07493311
Wild Type,E554K,-0.08893037
bivalent,E554K,0.055869713
bivalent_with_rna,E554K,-0.08960864
cocktail,E554K,-0.007412442
double_vax,E554K,-0.0336355
inactivated,E554K,0.037589874
inactivated_with_rna,E554K,0.0884984
multiple_rna,E554K,-0.05510457
rna,E554K,-0.04377188
single_vax,E554K,0.03529322
unknown,E554K,-0.06618761
vax_with_bivalent,E554K,0.033704933
vax_with_rna,E554K,-0.09261339
Alpha,E554P,0.10506874
Beta,E554P,0.007900165
Delta,E554P,0.058770932
Epsilon,E554P,0.01859803
Gamma,E554P,0.0128158005
Iota,E554P,-0.016231049
Lambda,E554P,0.05002337
Mu,E554P,0.04298446
Omicron/BA.1,E554P,-0.06962246
Omicron/BA.2,E554P,-0.009969228
Omicron/BA.4+,E554P,-0.033638936
Wild Type,E554P,0.010340909
bivalent,E554P,-0.0048659816
bivalent_with_rna,E554P,0.073917314
cocktail,E554P,-0.0720664
double_vax,E554P,-0.0025287033
inactivated,E554P,-0.0012008296
inactivated_with_rna,E554P,-0.04062979
multiple_rna,E554P,-0.011001697
rna,E554P,-0.020398103
single_vax,E554P,-0.00053763017
unknown,E554P,-0.100239486
vax_with_bivalent,E554P,-0.002989159
vax_with_rna,E554P,-0.0042621573
Alpha,E554T,0.014341058
Beta,E554T,-0.040654864
Delta,E554T,-0.017829662
Epsilon,E554T,0.12877129
Gamma,E554T,0.08388579
Iota,E554T,0.10537521
Lambda,E554T,-0.05437369
Mu,E554T,-0.025088118
Omicron/BA.1,E554T,0.030924369
Omicron/BA.2,E554T,0.011758788
Omicron/BA.4+,E554T,0.025642637
Wild Type,E554T,0.028101258
bivalent,E554T,-0.04309204
bivalent_with_rna,E554T,0.017637393
cocktail,E554T,0.067453556
double_vax,E554T,0.067398265
inactivated,E554T,-0.053598076
inactivated_with_rna,E554T,0.06922754
multiple_rna,E554T,-0.016662803
rna,E554T,0.02496738
single_vax,E554T,-0.044518527
unknown,E554T,0.07404561
vax_with_bivalent,E554T,-0.0068307742
vax_with_rna,E554T,-0.022968905
Alpha,E619D,0.04028643
Beta,E619D,-0.087953605
Delta,E619D,-0.04707427
Epsilon,E619D,0.09508399
Gamma,E619D,-0.056449395
Iota,E619D,0.025367156
Lambda,E619D,-0.021643942
Mu,E619D,0.0093060825
Omicron/BA.1,E619D,0.045460828
Omicron/BA.2,E619D,-0.017885894
Omicron/BA.4+,E619D,0.03114963
Wild Type,E619D,-0.031382658
bivalent,E619D,-0.026789725
bivalent_with_rna,E619D,-0.07346221
cocktail,E619D,0.01847314
double_vax,E619D,0.04302959
inactivated,E619D,0.026255118
inactivated_with_rna,E619D,-0.043153975
multiple_rna,E619D,-0.082779475
rna,E619D,-0.0047635427
single_vax,E619D,0.04691129
unknown,E619D,-0.051771734
vax_with_bivalent,E619D,0.032361016
vax_with_rna,E619D,0.06540475
Alpha,E702D,-0.058674797
Beta,E702D,0.019990165
Delta,E702D,-0.048015006
Epsilon,E702D,-0.10953984
Gamma,E702D,-0.06544756
Iota,E702D,-0.030514335
Lambda,E702D,0.03814347
Mu,E702D,-0.0012920853
Omicron/BA.1,E702D,-0.009151443
Omicron/BA.2,E702D,-0.054798286
Omicron/BA.4+,E702D,0.07412099
Wild Type,E702D,0.087123066
bivalent,E702D,0.09890069
bivalent_with_rna,E702D,-0.036604095
cocktail,E702D,-0.024276897
double_vax,E702D,-0.030127121
inactivated,E702D,-0.018287431
inactivated_with_rna,E702D,-0.023993973
multiple_rna,E702D,0.053653657
rna,E702D,-0.043475904
single_vax,E702D,0.01837333
unknown,E702D,0.0141710285
vax_with_bivalent,E702D,0.07832877
vax_with_rna,E702D,0.11432756
Alpha,E868D,-0.030805878
Beta,E868D,0.10310532
Delta,E868D,-0.022127718
Epsilon,E868D,-0.033158913
Gamma,E868D,0.022502668
Iota,E868D,0.013892248
Lambda,E868D,-0.003001363
Mu,E868D,0.0355191
Omicron/BA.1,E868D,0.026273273
Omicron/BA.2,E868D,0.045270704
Omicron/BA.4+,E868D,-0.010172345
Wild Type,E868D,-0.01879919
bivalent,E868D,-0.027281601
bivalent_with_rna,E868D,0.044316877
cocktail,E868D,0.048169464
double_vax,E868D,-0.02137072
inactivated,E868D,-0.03174749
inactivated_with_rna,E868D,0.015245581
multiple_rna,E868D,0.015423251
rna,E868D,-0.013592505
single_vax,E868D,0.020015545
unknown,E868D,-0.0025165929
vax_with_bivalent,E868D,0.070752755
vax_with_rna,E868D,-0.060190976
Alpha,E96Q,-0.101689
Beta,E96Q,0.020046836
Delta,E96Q,0.007818418
Epsilon,E96Q,-0.0107241105
Gamma,E96Q,-0.056747977
Iota,E96Q,0.1097661
Lambda,E96Q,0.04314988
Mu,E96Q,0.06581429
Omicron/BA.1,E96Q,-0.08974164
Omicron/BA.2,E96Q,0.07401343
Omicron/BA.4+,E96Q,0.05648629
Wild Type,E96Q,-0.046787184
bivalent,E96Q,-0.08222978
bivalent_with_rna,E96Q,0.03660815
cocktail,E96Q,0.076866634
double_vax,E96Q,0.008105388
inactivated,E96Q,-0.111819744
inactivated_with_rna,E96Q,-0.09197442
multiple_rna,E96Q,-0.08595479
rna,E96Q,0.04460548
single_vax,E96Q,-0.04396082
unknown,E96Q,-0.08826846
vax_with_bivalent,E96Q,0.077311315
vax_with_rna,E96Q,0.03139425
Alpha,F135L,-0.12935475
Beta,F135L,0.0016139685
Delta,F135L,-0.05275924
Epsilon,F135L,0.03056775
Gamma,F135L,-0.02960901
Iota,F135L,0.065723166
Lambda,F135L,-0.062299944
Mu,F135L,-0.07095643
Omicron/BA.1,F135L,-0.09898808
Omicron/BA.2,F135L,0.0048322594
Omicron/BA.4+,F135L,-0.05283872
Wild Type,F135L,0.055507716
bivalent,F135L,-0.04086613
bivalent_with_rna,F135L,-0.06284748
cocktail,F135L,0.06840123
double_vax,F135L,-0.0025555617
inactivated,F135L,0.08559385
inactivated_with_rna,F135L,0.043452684
multiple_rna,F135L,-0.05070538
rna,F135L,-0.03349877
single_vax,F135L,0.008268652
unknown,F135L,0.017721696
vax_with_bivalent,F135L,0.033970475
vax_with_rna,F135L,-0.0573832
Alpha,F140Y,-0.00031950884
Beta,F140Y,-0.08643573
Delta,F140Y,-0.042710062
Epsilon,F140Y,0.015826894
Gamma,F140Y,0.07191005
Iota,F140Y,-0.085267454
Lambda,F140Y,0.024569368
Mu,F140Y,0.015510781
Omicron/BA.1,F140Y,0.016093787
Omicron/BA.2,F140Y,0.09541835
Omicron/BA.4+,F140Y,0.019944951
Wild Type,F140Y,0.06283587
bivalent,F140Y,0.033936262
bivalent_with_rna,F140Y,-0.043595336
cocktail,F140Y,0.03201219
double_vax,F140Y,0.030131461
inactivated,F140Y,-0.10004728
inactivated_with_rna,F140Y,-0.07726106
multiple_rna,F140Y,0.05444972
rna,F140Y,-0.058196142
single_vax,F140Y,-0.087458454
unknown,F140Y,-0.022456702
vax_with_bivalent,F140Y,-0.04837396
vax_with_rna,F140Y,-0.03128667
Alpha,F157L,0.0067635262
Beta,F157L,-0.014959431
Delta,F157L,0.035638202
Epsilon,F157L,0.04712542
Gamma,F157L,0.0034903868
Iota,F157L,-0.0073834155
Lambda,F157L,0.07807676
Mu,F157L,0.011365439
Omicron/BA.1,F157L,-0.021064319
Omicron/BA.2,F157L,-0.0014174951
Omicron/BA.4+,F157L,0.038459938
Wild Type,F157L,-0.03092082
bivalent,F157L,0.030212503
bivalent_with_rna,F157L,0.004696441
cocktail,F157L,0.09292944
double_vax,F157L,0.022666533
inactivated,F157L,0.010333683
inactivated_with_rna,F157L,-0.0053069643
multiple_rna,F157L,0.004487595
rna,F157L,-0.0031366264
single_vax,F157L,0.054137107
unknown,F157L,-0.053960096
vax_with_bivalent,F157L,0.02315264
vax_with_rna,F157L,0.0043687867
Alpha,F157S,-0.0646807
Beta,F157S,-0.14057642
Delta,F157S,0.048244566
Epsilon,F157S,0.008049221
Gamma,F157S,0.10657041
Iota,F157S,0.12481468
Lambda,F157S,-0.021885533
Mu,F157S,-0.008546397
Omicron/BA.1,F157S,0.082549036
Omicron/BA.2,F157S,-0.04102849
Omicron/BA.4+,F157S,-0.0068496596
Wild Type,F157S,0.036039945
bivalent,F157S,0.08586498
bivalent_with_rna,F157S,-0.013951348
cocktail,F157S,-0.10285967
double_vax,F157S,0.049680877
inactivated,F157S,0.04330633
inactivated_with_rna,F157S,0.024680793
multiple_rna,F157S,0.0025814413
rna,F157S,-0.08051465
single_vax,F157S,-0.012688087
unknown,F157S,-0.08370441
vax_with_bivalent,F157S,0.079699695
vax_with_rna,F157S,-0.064833865
Alpha,F157T,0.05702184
Beta,F157T,-0.088489935
Delta,F157T,-0.11686529
Epsilon,F157T,-0.013346978
Gamma,F157T,0.022573192
Iota,F157T,0.0134999575
Lambda,F157T,-0.025897209
Mu,F157T,-0.007671504
Omicron/BA.1,F157T,0.1307778
Omicron/BA.2,F157T,0.06706205
Omicron/BA.4+,F157T,0.017589387
Wild Type,F157T,0.008622784
bivalent,F157T,0.118545175
bivalent_with_rna,F157T,0.007070872
cocktail,F157T,-0.048451416
double_vax,F157T,0.017320447
inactivated,F157T,0.005392163
inactivated_with_rna,F157T,0.07621773
multiple_rna,F157T,0.06486146
rna,F157T,-0.045725092
single_vax,F157T,0.009586799
unknown,F157T,0.07709488
vax_with_bivalent,F157T,-0.037675157
vax_with_rna,F157T,0.10263101
Alpha,F201L,-0.01125686
Beta,F201L,-0.07486568
Delta,F201L,-0.050340526
Epsilon,F201L,0.019527685
Gamma,F201L,-0.028803695
Iota,F201L,-0.019819178
Lambda,F201L,-0.07280603
Mu,F201L,-0.020455372
Omicron/BA.1,F201L,0.068417266
Omicron/BA.2,F201L,-0.060735412
Omicron/BA.4+,F201L,0.0153582245
Wild Type,F201L,0.13004221
bivalent,F201L,0.00013678591
bivalent_with_rna,F201L,0.011939556
cocktail,F201L,0.015643071
double_vax,F201L,0.038904943
inactivated,F201L,0.055331897
inactivated_with_rna,F201L,-0.0803513
multiple_rna,F201L,-0.00910707
rna,F201L,-0.041304786
single_vax,F201L,0.019720914
unknown,F201L,0.12417716
vax_with_bivalent,F201L,-0.15897363
vax_with_rna,F201L,-0.05764338
Alpha,F201N,-0.012800505
Beta,F201N,-0.029179364
Delta,F201N,0.03182559
Epsilon,F201N,-0.11944327
Gamma,F201N,-0.03448942
Iota,F201N,0.046534993
Lambda,F201N,-0.02286511
Mu,F201N,-0.056627184
Omicron/BA.1,F201N,0.026977532
Omicron/BA.2,F201N,0.08636324
Omicron/BA.4+,F201N,0.013215096
Wild Type,F201N,0.03905251
bivalent,F201N,-0.02653366
bivalent_with_rna,F201N,-0.0458238
cocktail,F201N,-0.00775636
double_vax,F201N,0.18875067
inactivated,F201N,0.061626863
inactivated_with_rna,F201N,-0.0002607056
multiple_rna,F201N,-0.03201522
rna,F201N,0.010391933
single_vax,F201N,0.050824866
unknown,F201N,0.023777159
vax_with_bivalent,F201N,-0.03352478
vax_with_rna,F201N,-0.116974115
Alpha,F2L,-0.026149184
Beta,F2L,-0.03711825
Delta,F2L,-0.082803436
Epsilon,F2L,-0.0051101334
Gamma,F2L,-0.107792534
Iota,F2L,-0.023532107
Lambda,F2L,0.019399548
Mu,F2L,-0.07109974
Omicron/BA.1,F2L,0.14995345
Omicron/BA.2,F2L,0.18415873
Omicron/BA.4+,F2L,-0.023877243
Wild Type,F2L,-0.06504139
bivalent,F2L,0.0028582178
bivalent_with_rna,F2L,0.06695283
cocktail,F2L,-0.040136002
double_vax,F2L,-0.005623421
inactivated,F2L,0.0050579063
inactivated_with_rna,F2L,0.043125235
multiple_rna,F2L,0.008759891
rna,F2L,-0.007279896
single_vax,F2L,-0.0318139
unknown,F2L,0.029930823
vax_with_bivalent,F2L,-0.108758844
vax_with_rna,F2L,0.0030564405
Alpha,F306L,-0.004758411
Beta,F306L,0.029880026
Delta,F306L,0.061195925
Epsilon,F306L,-0.012756208
Gamma,F306L,-0.048712373
Iota,F306L,0.02855071
Lambda,F306L,0.062251646
Mu,F306L,0.0077612083
Omicron/BA.1,F306L,-0.07573929
Omicron/BA.2,F306L,0.0113750305
Omicron/BA.4+,F306L,-0.05663143
Wild Type,F306L,-0.07664797
bivalent,F306L,-0.06231596
bivalent_with_rna,F306L,0.05024034
cocktail,F306L,-0.102646634
double_vax,F306L,-0.022448802
inactivated,F306L,-0.009164849
inactivated_with_rna,F306L,0.03111761
multiple_rna,F306L,0.017298834
rna,F306L,0.07209876
single_vax,F306L,-0.044916343
unknown,F306L,0.093950495
vax_with_bivalent,F306L,-0.096796535
vax_with_rna,F306L,-0.0052880812
Alpha,F32S,0.053083435
Beta,F32S,0.0488216
Delta,F32S,0.0074576032
Epsilon,F32S,0.037614584
Gamma,F32S,0.03906223
Iota,F32S,-0.0026894575
Lambda,F32S,0.14056088
Mu,F32S,-0.08848121
Omicron/BA.1,F32S,-0.08667391
Omicron/BA.2,F32S,-0.01558428
Omicron/BA.4+,F32S,0.04361044
Wild Type,F32S,-0.092307314
bivalent,F32S,0.05573342
bivalent_with_rna,F32S,-0.0017989166
cocktail,F32S,-0.002388279
double_vax,F32S,0.08145704
inactivated,F32S,0.060673267
inactivated_with_rna,F32S,0.0045353663
multiple_rna,F32S,-0.13183631
rna,F32S,-0.061951652
single_vax,F32S,-0.006025361
unknown,F32S,-0.052265234
vax_with_bivalent,F32S,0.013240918
vax_with_rna,F32S,0.025297938
Alpha,F456A,0.024382195
Beta,F456A,0.044977643
Delta,F456A,0.013432446
Epsilon,F456A,0.091281176
Gamma,F456A,0.042655602
Iota,F456A,0.04551446
Lambda,F456A,-0.019166205
Mu,F456A,-0.046079397
Omicron/BA.1,F456A,0.09286713
Omicron/BA.2,F456A,0.028386833
Omicron/BA.4+,F456A,0.015354985
Wild Type,F456A,0.01432821
bivalent,F456A,0.0970228
bivalent_with_rna,F456A,0.0029172078
cocktail,F456A,-0.039874814
double_vax,F456A,0.033666138
inactivated,F456A,0.0068301857
inactivated_with_rna,F456A,0.033926718
multiple_rna,F456A,0.0056501627
rna,F456A,0.0018840623
single_vax,F456A,0.017117774
unknown,F456A,-0.02807735
vax_with_bivalent,F456A,0.035945434
vax_with_rna,F456A,-0.1055596
Alpha,F456K,0.053295486
Beta,F456K,-0.056856647
Delta,F456K,-0.084375314
Epsilon,F456K,0.023278626
Gamma,F456K,-0.07525621
Iota,F456K,-0.20669502
Lambda,F456K,0.017137159
Mu,F456K,0.056695964
Omicron/BA.1,F456K,0.012925739
Omicron/BA.2,F456K,0.006835275
Omicron/BA.4+,F456K,0.06043703
Wild Type,F456K,0.07014553
bivalent,F456K,-0.0027532298
bivalent_with_rna,F456K,0.05578789
cocktail,F456K,0.011355631
double_vax,F456K,-0.060672898
inactivated,F456K,-0.083506696
inactivated_with_rna,F456K,-0.039642315
multiple_rna,F456K,-0.10947718
rna,F456K,0.11520828
single_vax,F456K,-0.006961127
unknown,F456K,0.12956804
vax_with_bivalent,F456K,0.01859847
vax_with_rna,F456K,-0.061983373
Alpha,F456L,0.052341707
Beta,F456L,-0.008692649
Delta,F456L,-0.098366216
Epsilon,F456L,0.09795531
Gamma,F456L,-0.10067828
Iota,F456L,-0.015710454
Lambda,F456L,0.047060695
Mu,F456L,0.060547568
Omicron/BA.1,F456L,-0.03186824
Omicron/BA.2,F456L,-0.07907494
Omicron/BA.4+,F456L,-0.013340943
Wild Type,F456L,-0.083025835
bivalent,F456L,-0.07005715
bivalent_with_rna,F456L,-0.033673286
cocktail,F456L,0.021206763
double_vax,F456L,-0.061235346
inactivated,F456L,-0.034224436
inactivated_with_rna,F456L,-0.038345374
multiple_rna,F456L,-0.03938986
rna,F456L,-0.07581981
single_vax,F456L,0.0027836985
unknown,F456L,-0.043531112
vax_with_bivalent,F456L,0.069181
vax_with_rna,F456L,-0.0426338
Alpha,F456V,-0.041768774
Beta,F456V,-0.11777838
Delta,F456V,0.09184346
Epsilon,F456V,0.029283816
Gamma,F456V,-0.0223998
Iota,F456V,-0.1159831
Lambda,F456V,0.0001284182
Mu,F456V,-0.012296185
Omicron/BA.1,F456V,0.08866202
Omicron/BA.2,F456V,0.0043808203
Omicron/BA.4+,F456V,0.029825743
Wild Type,F456V,-0.0561377
bivalent,F456V,0.030374706
bivalent_with_rna,F456V,-0.001442114
cocktail,F456V,0.08344865
double_vax,F456V,0.065655045
inactivated,F456V,-0.005750999
inactivated_with_rna,F456V,0.044333078
multiple_rna,F456V,-0.026154177
rna,F456V,0.045948505
single_vax,F456V,-0.055398464
unknown,F456V,0.04121563
vax_with_bivalent,F456V,-0.024308642
vax_with_rna,F456V,-0.038432956
Alpha,F486F,-0.035051495
Beta,F486F,0.0012604899
Delta,F486F,-0.07225478
Epsilon,F486F,0.11151001
Gamma,F486F,0.051293176
Iota,F486F,0.077384725
Lambda,F486F,0.02850217
Mu,F486F,0.059058245
Omicron/BA.1,F486F,0.016412728
Omicron/BA.2,F486F,-0.049826574
Omicron/BA.4+,F486F,0.023330372
Wild Type,F486F,0.11230723
bivalent,F486F,-0.09020737
bivalent_with_rna,F486F,-0.050425436
cocktail,F486F,0.004012739
double_vax,F486F,0.021682367
inactivated,F486F,0.0028716489
inactivated_with_rna,F486F,0.07033081
multiple_rna,F486F,0.058697794
rna,F486F,0.089353524
single_vax,F486F,0.11621918
unknown,F486F,0.004811988
vax_with_bivalent,F486F,-0.024586817
vax_with_rna,F486F,-0.18951239
Alpha,F486I,0.12060859
Beta,F486I,0.06417284
Delta,F486I,0.04176533
Epsilon,F486I,-0.06111837
Gamma,F486I,0.05214132
Iota,F486I,-0.05794991
Lambda,F486I,-0.035165776
Mu,F486I,-0.026038116
Omicron/BA.1,F486I,0.047363363
Omicron/BA.2,F486I,0.084355265
Omicron/BA.4+,F486I,0.038578924
Wild Type,F486I,-0.0003917073
bivalent,F486I,0.015627563
bivalent_with_rna,F486I,0.027281255
cocktail,F486I,0.0830963
double_vax,F486I,0.006632732
inactivated,F486I,-0.049065128
inactivated_with_rna,F486I,-0.018728923
multiple_rna,F486I,0.034255117
rna,F486I,0.012089362
single_vax,F486I,-0.027128825
unknown,F486I,0.07224597
vax_with_bivalent,F486I,0.053652696
vax_with_rna,F486I,-0.1804044
Alpha,F486L,0.03983233
Beta,F486L,0.030255297
Delta,F486L,0.10068604
Epsilon,F486L,0.018713567
Gamma,F486L,0.054064833
Iota,F486L,-0.00968251
Lambda,F486L,-0.072757125
Mu,F486L,0.015331778
Omicron/BA.1,F486L,0.002310836
Omicron/BA.2,F486L,-0.03471506
Omicron/BA.4+,F486L,-0.075502
Wild Type,F486L,-0.05950824
bivalent,F486L,0.07383076
bivalent_with_rna,F486L,0.054621067
cocktail,F486L,-0.039100405
double_vax,F486L,-0.03233467
inactivated,F486L,0.0068003144
inactivated_with_rna,F486L,-0.062983856
multiple_rna,F486L,-0.026234616
rna,F486L,-0.024992704
single_vax,F486L,0.03078847
unknown,F486L,0.007340707
vax_with_bivalent,F486L,-0.05059913
vax_with_rna,F486L,0.03932538
Alpha,F486P,0.04125383
Beta,F486P,0.10535718
Delta,F486P,-0.09925579
Epsilon,F486P,0.028728643
Gamma,F486P,0.0244714
Iota,F486P,0.060832877
Lambda,F486P,0.01659964
Mu,F486P,0.084340796
Omicron/BA.1,F486P,0.008792371
Omicron/BA.2,F486P,-0.012629313
Omicron/BA.4+,F486P,0.018303752
Wild Type,F486P,0.01949666
bivalent,F486P,0.18797477
bivalent_with_rna,F486P,0.043582983
cocktail,F486P,0.046019502
double_vax,F486P,-0.0320997
inactivated,F486P,-0.0069528427
inactivated_with_rna,F486P,0.022343569
multiple_rna,F486P,-0.007024954
rna,F486P,0.07381713
single_vax,F486P,0.05036083
unknown,F486P,0.024612702
vax_with_bivalent,F486P,0.0970689
vax_with_rna,F486P,0.000893869
Alpha,F486S,0.21261756
Beta,F486S,0.19470851
Delta,F486S,0.2194018
Epsilon,F486S,0.1834219
Gamma,F486S,0.25280684
Iota,F486S,0.14882132
Lambda,F486S,0.22587155
Mu,F486S,0.25270543
Omicron/BA.1,F486S,0.2294967
Omicron/BA.2,F486S,0.2999728
Omicron/BA.4+,F486S,0.21076208
Wild Type,F486S,0.20611802
bivalent,F486S,0.22348876
bivalent_with_rna,F486S,0.20054585
cocktail,F486S,0.10169017
double_vax,F486S,0.1660515
inactivated,F486S,0.1483536
inactivated_with_rna,F486S,0.27555844
multiple_rna,F486S,0.15526755
rna,F486S,0.31226182
single_vax,F486S,0.21363348
unknown,F486S,0.16553389
vax_with_bivalent,F486S,0.16477965
vax_with_rna,F486S,0.1611969
Alpha,F486V,0.018988589
Beta,F486V,0.05023304
Delta,F486V,0.022490472
Epsilon,F486V,0.084402695
Gamma,F486V,0.07781804
Iota,F486V,-0.001484571
Lambda,F486V,0.07297936
Mu,F486V,0.00901866
Omicron/BA.1,F486V,0.063373804
Omicron/BA.2,F486V,0.052924227
Omicron/BA.4+,F486V,0.017415252
Wild Type,F486V,0.095576055
bivalent,F486V,0.06488081
bivalent_with_rna,F486V,0.05933118
cocktail,F486V,0.0064754114
double_vax,F486V,0.087008916
inactivated,F486V,0.049745508
inactivated_with_rna,F486V,0.031988237
multiple_rna,F486V,0.041209236
rna,F486V,0.09700051
single_vax,F486V,0.13638951
unknown,F486V,0.005306026
vax_with_bivalent,F486V,0.061381612
vax_with_rna,F486V,0.055719122
Alpha,F490L,0.042903543
Beta,F490L,0.05012257
Delta,F490L,0.021355182
Epsilon,F490L,0.016948689
Gamma,F490L,-0.021076575
Iota,F490L,-0.056350462
Lambda,F490L,0.09425293
Mu,F490L,0.03644639
Omicron/BA.1,F490L,-0.01606383
Omicron/BA.2,F490L,-0.03720854
Omicron/BA.4+,F490L,0.04088664
Wild Type,F490L,0.09785129
bivalent,F490L,-0.06577843
bivalent_with_rna,F490L,0.15948315
cocktail,F490L,0.040590525
double_vax,F490L,0.0013553755
inactivated,F490L,0.0010611704
inactivated_with_rna,F490L,-0.0834636
multiple_rna,F490L,-0.077793516
rna,F490L,-0.017324952
single_vax,F490L,-0.02805344
unknown,F490L,0.002305931
vax_with_bivalent,F490L,-0.0030251034
vax_with_rna,F490L,0.020500079
Alpha,F490S,0.08810466
Beta,F490S,0.11195697
Delta,F490S,0.08084813
Epsilon,F490S,0.078550294
Gamma,F490S,0.11306103
Iota,F490S,-0.03590248
Lambda,F490S,0.06887063
Mu,F490S,-0.00072997436
Omicron/BA.1,F490S,0.074707255
Omicron/BA.2,F490S,0.11384172
Omicron/BA.4+,F490S,0.06322334
Wild Type,F490S,0.094014324
bivalent,F490S,0.12255901
bivalent_with_rna,F490S,0.09424255
cocktail,F490S,0.035499036
double_vax,F490S,0.11374481
inactivated,F490S,0.1672108
inactivated_with_rna,F490S,0.07962258
multiple_rna,F490S,0.13520652
rna,F490S,0.15452549
single_vax,F490S,0.08917278
unknown,F490S,0.15410651
vax_with_bivalent,F490S,0.102155864
vax_with_rna,F490S,0.106875874
Alpha,F490V,-0.023485092
Beta,F490V,-0.0056440583
Delta,F490V,-0.07065615
Epsilon,F490V,0.08683076
Gamma,F490V,0.056157947
Iota,F490V,0.09553251
Lambda,F490V,0.08949395
Mu,F490V,-0.028739672
Omicron/BA.1,F490V,0.008556277
Omicron/BA.2,F490V,-0.031871166
Omicron/BA.4+,F490V,-0.06777334
Wild Type,F490V,0.0059654224
bivalent,F490V,0.06551656
bivalent_with_rna,F490V,-0.06832911
cocktail,F490V,-0.0065144757
double_vax,F490V,0.09945432
inactivated,F490V,-0.05379488
inactivated_with_rna,F490V,-0.0418239
multiple_rna,F490V,-0.038708985
rna,F490V,0.044788327
single_vax,F490V,-0.09265939
unknown,F490V,0.09477054
vax_with_bivalent,F490V,0.06749361
vax_with_rna,F490V,0.04560895
Alpha,F490W,0.014178791
Beta,F490W,-0.0046666525
Delta,F490W,-0.005636826
Epsilon,F490W,0.048464205
Gamma,F490W,-0.04578753
Iota,F490W,-0.040559065
Lambda,F490W,0.029602727
Mu,F490W,-0.032195617
Omicron/BA.1,F490W,-0.027692378
Omicron/BA.2,F490W,0.047025777
Omicron/BA.4+,F490W,-0.08017962
Wild Type,F490W,0.037523367
bivalent,F490W,0.10098693
bivalent_with_rna,F490W,-0.011424174
cocktail,F490W,-0.037757814
double_vax,F490W,0.073145136
inactivated,F490W,0.12797335
inactivated_with_rna,F490W,-0.00903127
multiple_rna,F490W,-0.05640721
rna,F490W,-0.016119901
single_vax,F490W,0.014028737
unknown,F490W,0.0073748175
vax_with_bivalent,F490W,-0.06284864
vax_with_rna,F490W,0.04577182
Alpha,F490Y,0.1400961
Beta,F490Y,0.025746895
Delta,F490Y,0.062883854
Epsilon,F490Y,-0.07069063
Gamma,F490Y,0.008476122
Iota,F490Y,0.04254969
Lambda,F490Y,0.022277068
Mu,F490Y,0.05784393
Omicron/BA.1,F490Y,0.032787338
Omicron/BA.2,F490Y,0.056061506
Omicron/BA.4+,F490Y,0.044636834
Wild Type,F490Y,-0.15442942
bivalent,F490Y,-0.050468314
bivalent_with_rna,F490Y,0.038112864
cocktail,F490Y,0.027817316
double_vax,F490Y,0.020537525
inactivated,F490Y,-0.020229977
inactivated_with_rna,F490Y,-0.050425388
multiple_rna,F490Y,-0.057616524
rna,F490Y,-0.029931111
single_vax,F490Y,-0.058284514
unknown,F490Y,-0.059188284
vax_with_bivalent,F490Y,0.053533472
vax_with_rna,F490Y,0.031331357
Alpha,F4V,0.07174869
Beta,F4V,0.0005043298
Delta,F4V,0.06497465
Epsilon,F4V,-0.03357222
Gamma,F4V,-0.0100117475
Iota,F4V,-0.055465523
Lambda,F4V,-0.09133192
Mu,F4V,0.017003363
Omicron/BA.1,F4V,0.06790769
Omicron/BA.2,F4V,-0.035522666
Omicron/BA.4+,F4V,0.13445017
Wild Type,F4V,-0.123917654
bivalent,F4V,-0.060097612
bivalent_with_rna,F4V,-0.052729927
cocktail,F4V,-0.02729515
double_vax,F4V,-0.05619966
inactivated,F4V,-0.015409017
inactivated_with_rna,F4V,0.054207537
multiple_rna,F4V,-0.21809205
rna,F4V,-0.02403384
single_vax,F4V,-0.03526885
unknown,F4V,-0.13350116
vax_with_bivalent,F4V,0.15975992
vax_with_rna,F4V,-0.057944592
Alpha,F59D,-0.07422861
Beta,F59D,0.083168685
Delta,F59D,-0.0547093
Epsilon,F59D,-0.0887881
Gamma,F59D,0.05151219
Iota,F59D,-0.15494947
Lambda,F59D,-0.0715549
Mu,F59D,0.04424776
Omicron/BA.1,F59D,0.08037391
Omicron/BA.2,F59D,0.015287188
Omicron/BA.4+,F59D,-0.0865735
Wild Type,F59D,-0.07219558
bivalent,F59D,-0.006304347
bivalent_with_rna,F59D,-0.02254967
cocktail,F59D,-0.004669381
double_vax,F59D,-0.029425051
inactivated,F59D,0.035281815
inactivated_with_rna,F59D,-0.1635234
multiple_rna,F59D,-0.029943254
rna,F59D,-0.06619436
single_vax,F59D,-0.07252291
unknown,F59D,0.106700204
vax_with_bivalent,F59D,0.06216868
vax_with_rna,F59D,0.048877757
Alpha,F59Y,-0.09803967
Beta,F59Y,0.10656412
Delta,F59Y,0.010348553
Epsilon,F59Y,0.1440361
Gamma,F59Y,0.04892513
Iota,F59Y,-0.015784804
Lambda,F59Y,0.054706603
Mu,F59Y,-0.0023222798
Omicron/BA.1,F59Y,0.012496215
Omicron/BA.2,F59Y,0.004814111
Omicron/BA.4+,F59Y,-0.05484117
Wild Type,F59Y,0.0072223386
bivalent,F59Y,-0.048132714
bivalent_with_rna,F59Y,0.033606112
cocktail,F59Y,-0.026962463
double_vax,F59Y,0.01070009
inactivated,F59Y,-0.06732254
inactivated_with_rna,F59Y,-0.058102444
multiple_rna,F59Y,-0.1473758
rna,F59Y,-0.037288345
single_vax,F59Y,-0.03055135
unknown,F59Y,-0.0100199375
vax_with_bivalent,F59Y,0.058563996
vax_with_rna,F59Y,0.05431168
Alpha,F79V,0.010798631
Beta,F79V,0.05465924
Delta,F79V,-0.0761515
Epsilon,F79V,0.018333916
Gamma,F79V,-0.08320421
Iota,F79V,-0.038895007
Lambda,F79V,-0.056916956
Mu,F79V,0.15136638
Omicron/BA.1,F79V,0.0065985415
Omicron/BA.2,F79V,0.1053267
Omicron/BA.4+,F79V,0.08093901
Wild Type,F79V,0.06358795
bivalent,F79V,-0.0051224176
bivalent_with_rna,F79V,-0.0015773829
cocktail,F79V,0.024358446
double_vax,F79V,0.042022076
inactivated,F79V,0.056996614
inactivated_with_rna,F79V,-0.009369958
multiple_rna,F79V,-0.042946555
rna,F79V,0.06477077
single_vax,F79V,-0.037637785
unknown,F79V,-0.1464744
vax_with_bivalent,F79V,-0.061111823
vax_with_rna,F79V,-0.013680706
Alpha,F888L,0.0114212
Beta,F888L,-0.017412838
Delta,F888L,-0.0482329
Epsilon,F888L,-0.042046137
Gamma,F888L,0.10428094
Iota,F888L,-0.0011894004
Lambda,F888L,0.07732384
Mu,F888L,0.064551
Omicron/BA.1,F888L,0.06794666
Omicron/BA.2,F888L,-0.013827656
Omicron/BA.4+,F888L,0.01398104
Wild Type,F888L,-0.031306256
bivalent,F888L,0.170413
bivalent_with_rna,F888L,0.0190917
cocktail,F888L,-0.10747735
double_vax,F888L,0.009475714
inactivated,F888L,-0.008607586
inactivated_with_rna,F888L,-0.027931554
multiple_rna,F888L,0.090646654
rna,F888L,-0.01764525
single_vax,F888L,-0.028023677
unknown,F888L,-0.053634346
vax_with_bivalent,F888L,-0.0057495413
vax_with_rna,F888L,0.015587034
Alpha,G1219V,-0.021779457
Beta,G1219V,-0.008500166
Delta,G1219V,-0.010110727
Epsilon,G1219V,0.080868706
Gamma,G1219V,-0.05035393
Iota,G1219V,-0.01432094
Lambda,G1219V,0.15314355
Mu,G1219V,-0.025646959
Omicron/BA.1,G1219V,0.025332361
Omicron/BA.2,G1219V,-0.0029580828
Omicron/BA.4+,G1219V,0.05213607
Wild Type,G1219V,0.036902085
bivalent,G1219V,0.121295266
bivalent_with_rna,G1219V,-0.0075500975
cocktail,G1219V,0.09890749
double_vax,G1219V,-0.06677706
inactivated,G1219V,0.08262377
inactivated_with_rna,G1219V,0.001374932
multiple_rna,G1219V,-0.020165246
rna,G1219V,-0.07546378
single_vax,G1219V,-0.037811063
unknown,G1219V,0.047513273
vax_with_bivalent,G1219V,0.03493045
vax_with_rna,G1219V,-0.13862337
Alpha,G142A,0.06326851
Beta,G142A,-0.032944158
Delta,G142A,-0.019091021
Epsilon,G142A,0.03043933
Gamma,G142A,0.08368079
Iota,G142A,-0.04843955
Lambda,G142A,0.054017127
Mu,G142A,0.041623663
Omicron/BA.1,G142A,-0.050446797
Omicron/BA.2,G142A,0.020335589
Omicron/BA.4+,G142A,0.01970747
Wild Type,G142A,0.060152035
bivalent,G142A,-0.018206904
bivalent_with_rna,G142A,0.035600014
cocktail,G142A,0.022593753
double_vax,G142A,-0.040903274
inactivated,G142A,-0.02273391
inactivated_with_rna,G142A,0.03597693
multiple_rna,G142A,-0.02364257
rna,G142A,-0.037828166
single_vax,G142A,-0.004242774
unknown,G142A,-0.028271489
vax_with_bivalent,G142A,0.011723293
vax_with_rna,G142A,0.07271357
Alpha,G142D,0.14062339
Beta,G142D,0.011094855
Delta,G142D,0.040579975
Epsilon,G142D,0.08585583
Gamma,G142D,0.04758164
Iota,G142D,0.018975234
Lambda,G142D,0.07631228
Mu,G142D,0.08537616
Omicron/BA.1,G142D,0.051301643
Omicron/BA.2,G142D,0.03216852
Omicron/BA.4+,G142D,-0.040784203
Wild Type,G142D,0.009062415
bivalent,G142D,0.04394426
bivalent_with_rna,G142D,0.03778659
cocktail,G142D,0.057855226
double_vax,G142D,0.049983494
inactivated,G142D,0.034044076
inactivated_with_rna,G142D,0.07729618
multiple_rna,G142D,0.03891656
rna,G142D,0.05048063
single_vax,G142D,0.027037105
unknown,G142D,0.035023883
vax_with_bivalent,G142D,0.070075914
vax_with_rna,G142D,0.07226064
Alpha,G142G,-0.045099143
Beta,G142G,0.012324268
Delta,G142G,-0.114574246
Epsilon,G142G,0.0020798412
Gamma,G142G,0.019558795
Iota,G142G,0.00986057
Lambda,G142G,-0.0010406431
Mu,G142G,0.034895003
Omicron/BA.1,G142G,0.011231327
Omicron/BA.2,G142G,0.056816325
Omicron/BA.4+,G142G,0.05563789
Wild Type,G142G,0.02701728
bivalent,G142G,-0.03516188
bivalent_with_rna,G142G,0.003621508
cocktail,G142G,0.061364654
double_vax,G142G,-0.0009114435
inactivated,G142G,0.050683986
inactivated_with_rna,G142G,0.01035295
multiple_rna,G142G,0.05417999
rna,G142G,-0.014093906
single_vax,G142G,-0.019549238
unknown,G142G,0.030113125
vax_with_bivalent,G142G,-0.042789225
vax_with_rna,G142G,0.010897031
Alpha,G142S,0.012032661
Beta,G142S,-0.0073853163
Delta,G142S,0.0060225422
Epsilon,G142S,0.084023684
Gamma,G142S,-0.026244795
Iota,G142S,-0.054733127
Lambda,G142S,0.08512647
Mu,G142S,0.03847964
Omicron/BA.1,G142S,-0.020426445
Omicron/BA.2,G142S,0.067362234
Omicron/BA.4+,G142S,0.021869365
Wild Type,G142S,0.010296432
bivalent,G142S,0.0027238224
bivalent_with_rna,G142S,0.09770723
cocktail,G142S,-0.088000014
double_vax,G142S,0.007709478
inactivated,G142S,-0.021547394
inactivated_with_rna,G142S,-0.09561173
multiple_rna,G142S,0.050266054
rna,G142S,0.018279465
single_vax,G142S,-0.050273564
unknown,G142S,-0.016668402
vax_with_bivalent,G142S,-0.020526767
vax_with_rna,G142S,0.060808897
Alpha,G142V,-0.03145357
Beta,G142V,0.030362263
Delta,G142V,0.001204256
Epsilon,G142V,0.05643796
Gamma,G142V,0.022050781
Iota,G142V,-0.0318798
Lambda,G142V,0.01852065
Mu,G142V,0.029133743
Omicron/BA.1,G142V,-0.042028625
Omicron/BA.2,G142V,-0.02162537
Omicron/BA.4+,G142V,-0.037844483
Wild Type,G142V,-0.079758346
bivalent,G142V,-0.040996477
bivalent_with_rna,G142V,0.0066204853
cocktail,G142V,0.062268455
double_vax,G142V,0.03543138
inactivated,G142V,-0.018391194
inactivated_with_rna,G142V,0.101011805
multiple_rna,G142V,0.053413387
rna,G142V,-0.052171618
single_vax,G142V,0.0013160156
unknown,G142V,0.013970988
vax_with_bivalent,G142V,-0.011673842
vax_with_rna,G142V,0.057031546
Alpha,G181E,0.056609657
Beta,G181E,-0.035976697
Delta,G181E,0.025079686
Epsilon,G181E,-0.095333345
Gamma,G181E,0.052274764
Iota,G181E,0.040104482
Lambda,G181E,-0.019312104
Mu,G181E,-0.022512943
Omicron/BA.1,G181E,-0.022823311
Omicron/BA.2,G181E,-0.058841057
Omicron/BA.4+,G181E,0.022643477
Wild Type,G181E,0.03489009
bivalent,G181E,-0.09165587
bivalent_with_rna,G181E,0.09732048
cocktail,G181E,-0.043149937
double_vax,G181E,0.09019602
inactivated,G181E,-0.091071345
inactivated_with_rna,G181E,-0.052302234
multiple_rna,G181E,-0.019281074
rna,G181E,-0.043107037
single_vax,G181E,0.012897264
unknown,G181E,-0.105725154
vax_with_bivalent,G181E,-0.043890934
vax_with_rna,G181E,0.0360266
Alpha,G181V,0.07571903
Beta,G181V,-0.0029349262
Delta,G181V,-0.032125775
Epsilon,G181V,-0.0067625977
Gamma,G181V,-0.037341915
Iota,G181V,-0.0020220429
Lambda,G181V,0.035369158
Mu,G181V,0.08083385
Omicron/BA.1,G181V,0.04692709
Omicron/BA.2,G181V,-0.019672846
Omicron/BA.4+,G181V,0.050757293
Wild Type,G181V,-0.04448573
bivalent,G181V,-0.016476888
bivalent_with_rna,G181V,-0.08043492
cocktail,G181V,-0.061347697
double_vax,G181V,-0.09191557
inactivated,G181V,0.03596238
inactivated_with_rna,G181V,0.026373968
multiple_rna,G181V,-0.1107965
rna,G181V,0.03978822
single_vax,G181V,0.04849845
unknown,G181V,0.017866585
vax_with_bivalent,G181V,-0.021078432
vax_with_rna,G181V,0.00171815
Alpha,G252D,-0.04020069
Beta,G252D,0.024403352
Delta,G252D,-0.00079514924
Epsilon,G252D,0.048419587
Gamma,G252D,0.0201292
Iota,G252D,0.009603328
Lambda,G252D,-0.0006669769
Mu,G252D,-0.071501955
Omicron/BA.1,G252D,0.005618178
Omicron/BA.2,G252D,-0.005904446
Omicron/BA.4+,G252D,0.054224472
Wild Type,G252D,-0.00095412973
bivalent,G252D,-0.08621616
bivalent_with_rna,G252D,0.055521343
cocktail,G252D,0.012496376
double_vax,G252D,-0.041286014
inactivated,G252D,-0.008057232
inactivated_with_rna,G252D,-0.028083272
multiple_rna,G252D,-0.036100388
rna,G252D,-0.027847312
single_vax,G252D,0.032987062
unknown,G252D,-0.00993021
vax_with_bivalent,G252D,-0.013387518
vax_with_rna,G252D,-0.046936966
Alpha,G252V,0.011495638
Beta,G252V,0.030004341
Delta,G252V,-0.090593696
Epsilon,G252V,0.0013248585
Gamma,G252V,-0.03149369
Iota,G252V,-0.023781449
Lambda,G252V,0.025778139
Mu,G252V,0.037161738
Omicron/BA.1,G252V,-0.045505352
Omicron/BA.2,G252V,-0.045801032
Omicron/BA.4+,G252V,-0.028632563
Wild Type,G252V,0.039586328
bivalent,G252V,0.044045173
bivalent_with_rna,G252V,-0.010317177
cocktail,G252V,0.061774623
double_vax,G252V,0.10923675
inactivated,G252V,-0.030992866
inactivated_with_rna,G252V,0.07588901
multiple_rna,G252V,0.07207574
rna,G252V,0.094562724
single_vax,G252V,-0.037407305
unknown,G252V,0.028429288
vax_with_bivalent,G252V,0.102381036
vax_with_rna,G252V,0.035805367
Alpha,G257D,0.0456906
Beta,G257D,-0.015835004
Delta,G257D,-0.07806931
Epsilon,G257D,-0.01902358
Gamma,G257D,-0.016584244
Iota,G257D,0.021749932
Lambda,G257D,0.058318228
Mu,G257D,-0.007906957
Omicron/BA.1,G257D,-0.0069187647
Omicron/BA.2,G257D,-0.12408365
Omicron/BA.4+,G257D,-0.054294735
Wild Type,G257D,-0.015590079
bivalent,G257D,0.085826814
bivalent_with_rna,G257D,0.12192015
cocktail,G257D,-0.118603244
double_vax,G257D,-0.0621105
inactivated,G257D,0.06598115
inactivated_with_rna,G257D,-0.056814283
multiple_rna,G257D,-0.010438181
rna,G257D,-0.1141953
single_vax,G257D,0.11763999
unknown,G257D,0.14751296
vax_with_bivalent,G257D,-0.16118914
vax_with_rna,G257D,0.022651125
Alpha,G257S,-0.04446731
Beta,G257S,-0.0028765937
Delta,G257S,-0.02257576
Epsilon,G257S,0.021495994
Gamma,G257S,0.01336091
Iota,G257S,0.031381782
Lambda,G257S,0.013677759
Mu,G257S,0.049798463
Omicron/BA.1,G257S,0.022635369
Omicron/BA.2,G257S,0.01933966
Omicron/BA.4+,G257S,0.05658785
Wild Type,G257S,-0.007832255
bivalent,G257S,0.013004934
bivalent_with_rna,G257S,0.07505536
cocktail,G257S,-0.08510562
double_vax,G257S,-0.010815553
inactivated,G257S,0.008201408
inactivated_with_rna,G257S,0.08509522
multiple_rna,G257S,-0.017277023
rna,G257S,-0.020804571
single_vax,G257S,0.0422801
unknown,G257S,-0.05981592
vax_with_bivalent,G257S,0.049599648
vax_with_rna,G257S,0.042077933
Alpha,G261F,-0.017259276
Beta,G261F,0.12010456
Delta,G261F,0.058309074
Epsilon,G261F,0.009674359
Gamma,G261F,-0.056683946
Iota,G261F,0.011075659
Lambda,G261F,-0.048192486
Mu,G261F,0.031476818
Omicron/BA.1,G261F,-0.052287772
Omicron/BA.2,G261F,-0.022170926
Omicron/BA.4+,G261F,0.0131063815
Wild Type,G261F,-0.015468864
bivalent,G261F,0.01820134
bivalent_with_rna,G261F,0.056721322
cocktail,G261F,0.015966635
double_vax,G261F,0.0066885212
inactivated,G261F,0.027797181
inactivated_with_rna,G261F,0.0042367224
multiple_rna,G261F,-0.10117321
rna,G261F,0.035956565
single_vax,G261F,0.03407114
unknown,G261F,-0.013199175
vax_with_bivalent,G261F,-0.07383886
vax_with_rna,G261F,-0.04565948
Alpha,G261S,-0.06646565
Beta,G261S,-0.026720341
Delta,G261S,-0.008468629
Epsilon,G261S,0.0045729526
Gamma,G261S,0.020284802
Iota,G261S,-0.07430077
Lambda,G261S,-0.05947162
Mu,G261S,-0.021816505
Omicron/BA.1,G261S,-0.03370626
Omicron/BA.2,G261S,0.017401282
Omicron/BA.4+,G261S,0.08914906
Wild Type,G261S,0.032642853
bivalent,G261S,0.07954724
bivalent_with_rna,G261S,0.036051087
cocktail,G261S,-0.036441825
double_vax,G261S,-0.012487484
inactivated,G261S,-0.036841035
inactivated_with_rna,G261S,0.07030232
multiple_rna,G261S,-0.023562558
rna,G261S,-0.036580145
single_vax,G261S,-0.0068057254
unknown,G261S,0.007036934
vax_with_bivalent,G261S,-0.020127673
vax_with_rna,G261S,0.07338342
Alpha,G339D,-0.041059405
Beta,G339D,0.07439859
Delta,G339D,0.018741576
Epsilon,G339D,0.030769125
Gamma,G339D,0.06719496
Iota,G339D,0.037331477
Lambda,G339D,0.117430046
Mu,G339D,0.039908584
Omicron/BA.1,G339D,0.053221602
Omicron/BA.2,G339D,0.013667609
Omicron/BA.4+,G339D,-0.010338118
Wild Type,G339D,0.008932238
bivalent,G339D,0.03456533
bivalent_with_rna,G339D,0.010886131
cocktail,G339D,0.037119232
double_vax,G339D,0.030086633
inactivated,G339D,0.02242862
inactivated_with_rna,G339D,-0.0340841
multiple_rna,G339D,0.0030778768
rna,G339D,0.056191593
single_vax,G339D,0.0323621
unknown,G339D,0.02107454
vax_with_bivalent,G339D,-9.024516e-05
vax_with_rna,G339D,0.03975181
Alpha,G339G,0.016357789
Beta,G339G,0.075404435
Delta,G339G,0.051609546
Epsilon,G339G,0.06453646
Gamma,G339G,0.09966214
Iota,G339G,0.030623727
Lambda,G339G,0.014300546
Mu,G339G,-0.030299917
Omicron/BA.1,G339G,-0.099960625
Omicron/BA.2,G339G,-0.1125503
Omicron/BA.4+,G339G,0.056255944
Wild Type,G339G,0.011311937
bivalent,G339G,0.08444787
bivalent_with_rna,G339G,-0.025690416
cocktail,G339G,-0.030826824
double_vax,G339G,-0.0009300269
inactivated,G339G,-0.002439622
inactivated_with_rna,G339G,0.013258948
multiple_rna,G339G,-0.06294426
rna,G339G,-0.0069068614
single_vax,G339G,0.124656804
unknown,G339G,0.03639101
vax_with_bivalent,G339G,-0.033883173
vax_with_rna,G339G,-0.07548032
Alpha,G339H,-0.022581873
Beta,G339H,0.08905858
Delta,G339H,0.020241905
Epsilon,G339H,0.08769638
Gamma,G339H,0.09268675
Iota,G339H,-0.055527017
Lambda,G339H,-0.0068100747
Mu,G339H,0.0035718768
Omicron/BA.1,G339H,0.007848656
Omicron/BA.2,G339H,0.058031596
Omicron/BA.4+,G339H,0.050609257
Wild Type,G339H,-0.013969604
bivalent,G339H,0.046783067
bivalent_with_rna,G339H,0.019736711
cocktail,G339H,-0.018119873
double_vax,G339H,0.090426594
inactivated,G339H,0.034117352
inactivated_with_rna,G339H,-0.03237311
multiple_rna,G339H,0.077075966
rna,G339H,0.005485967
single_vax,G339H,0.045659464
unknown,G339H,-0.0014735237
vax_with_bivalent,G339H,-0.011585888
vax_with_rna,G339H,0.011616576
Alpha,G446G,-0.04250034
Beta,G446G,0.021883283
Delta,G446G,-0.047297616
Epsilon,G446G,0.032165486
Gamma,G446G,-0.035242174
Iota,G446G,0.0034346152
Lambda,G446G,-0.027576573
Mu,G446G,0.00090528466
Omicron/BA.1,G446G,0.011812579
Omicron/BA.2,G446G,0.0155638475
Omicron/BA.4+,G446G,-0.03198824
Wild Type,G446G,-0.029700357
bivalent,G446G,-0.077848636
bivalent_with_rna,G446G,-0.03976619
cocktail,G446G,0.103347994
double_vax,G446G,0.11614036
inactivated,G446G,-0.048364125
inactivated_with_rna,G446G,-0.029336985
multiple_rna,G446G,0.057896756
rna,G446G,-0.022612266
single_vax,G446G,-0.0039763767
unknown,G446G,0.033872716
vax_with_bivalent,G446G,-0.04387048
vax_with_rna,G446G,-0.009734396
Alpha,G446S,-0.063219875
Beta,G446S,0.02857391
Delta,G446S,0.08779678
Epsilon,G446S,0.0032360666
Gamma,G446S,-0.04520534
Iota,G446S,-0.017437864
Lambda,G446S,0.039467447
Mu,G446S,-0.018999275
Omicron/BA.1,G446S,-0.033854842
Omicron/BA.2,G446S,0.0027845805
Omicron/BA.4+,G446S,-0.020121165
Wild Type,G446S,0.013356007
bivalent,G446S,0.04389158
bivalent_with_rna,G446S,0.013625449
cocktail,G446S,0.07473597
double_vax,G446S,0.03879224
inactivated,G446S,0.0033444343
inactivated_with_rna,G446S,0.03805639
multiple_rna,G446S,0.032342486
rna,G446S,-0.0053137485
single_vax,G446S,-0.0068342686
unknown,G446S,0.036093645
vax_with_bivalent,G446S,-0.005305673
vax_with_rna,G446S,0.036005396
Alpha,G446T,0.13188763
Beta,G446T,-0.18868221
Delta,G446T,0.07865026
Epsilon,G446T,-0.0043386505
Gamma,G446T,0.06480993
Iota,G446T,-0.025135301
Lambda,G446T,-0.03916213
Mu,G446T,0.032735173
Omicron/BA.1,G446T,-0.21499021
Omicron/BA.2,G446T,0.0428256
Omicron/BA.4+,G446T,-0.02559835
Wild Type,G446T,0.12323945
bivalent,G446T,-0.014947044
bivalent_with_rna,G446T,-0.08601862
cocktail,G446T,0.10566683
double_vax,G446T,0.026450686
inactivated,G446T,0.019772135
inactivated_with_rna,G446T,0.039345324
multiple_rna,G446T,-0.062706105
rna,G446T,-0.03796893
single_vax,G446T,0.017874165
unknown,G446T,-0.07813267
vax_with_bivalent,G446T,-0.039466724
vax_with_rna,G446T,-0.011345437
Alpha,G446V,-0.00039186096
Beta,G446V,-0.041814
Delta,G446V,-0.0067478735
Epsilon,G446V,0.019852398
Gamma,G446V,0.03394295
Iota,G446V,0.01950353
Lambda,G446V,0.06038175
Mu,G446V,0.08887848
Omicron/BA.1,G446V,0.060558837
Omicron/BA.2,G446V,-0.03207095
Omicron/BA.4+,G446V,0.080040775
Wild Type,G446V,0.16108416
bivalent,G446V,-0.039118737
bivalent_with_rna,G446V,0.025848571
cocktail,G446V,0.02451712
double_vax,G446V,-0.03722905
inactivated,G446V,-0.03617075
inactivated_with_rna,G446V,-0.010812193
multiple_rna,G446V,0.108070105
rna,G446V,0.075597905
single_vax,G446V,0.03910714
unknown,G446V,-0.02194816
vax_with_bivalent,G446V,0.16058497
vax_with_rna,G446V,-0.007906772
Alpha,G476D,-0.10405737
Beta,G476D,-0.03710808
Delta,G476D,-0.0728769
Epsilon,G476D,0.074580535
Gamma,G476D,0.016753256
Iota,G476D,0.016264629
Lambda,G476D,-0.06082402
Mu,G476D,0.07986989
Omicron/BA.1,G476D,0.026344322
Omicron/BA.2,G476D,0.06046207
Omicron/BA.4+,G476D,-0.044515412
Wild Type,G476D,0.061555203
bivalent,G476D,0.018618204
bivalent_with_rna,G476D,-0.00077330857
cocktail,G476D,0.064806685
double_vax,G476D,0.025683159
inactivated,G476D,-0.16838527
inactivated_with_rna,G476D,0.0047579324
multiple_rna,G476D,-0.008934679
rna,G476D,-0.022850784
single_vax,G476D,-0.007039955
unknown,G476D,0.012900769
vax_with_bivalent,G476D,-0.02793496
vax_with_rna,G476D,-0.14817154
Alpha,G482P,-0.116179325
Beta,G482P,0.00029936898
Delta,G482P,-0.012302436
Epsilon,G482P,-0.010185796
Gamma,G482P,-0.027727867
Iota,G482P,0.069959775
Lambda,G482P,0.11423973
Mu,G482P,0.012047139
Omicron/BA.1,G482P,0.06766716
Omicron/BA.2,G482P,-0.0815189
Omicron/BA.4+,G482P,0.07293612
Wild Type,G482P,-0.030286409
bivalent,G482P,0.015210766
bivalent_with_rna,G482P,-0.0012239558
cocktail,G482P,-0.024661312
double_vax,G482P,-0.04748366
inactivated,G482P,-0.06847708
inactivated_with_rna,G482P,0.09942433
multiple_rna,G482P,0.024674984
rna,G482P,-0.049965464
single_vax,G482P,-0.008184633
unknown,G482P,0.08260182
vax_with_bivalent,G482P,-0.04989039
vax_with_rna,G482P,0.113533676
Alpha,G485A,0.071882874
Beta,G485A,0.095728606
Delta,G485A,0.07841197
Epsilon,G485A,-0.0010201978
Gamma,G485A,0.021361083
Iota,G485A,0.012366533
Lambda,G485A,-0.05599205
Mu,G485A,-0.004055406
Omicron/BA.1,G485A,0.07472493
Omicron/BA.2,G485A,0.07075916
Omicron/BA.4+,G485A,-0.047083676
Wild Type,G485A,-0.040768962
bivalent,G485A,0.053700373
bivalent_with_rna,G485A,0.023511618
cocktail,G485A,0.009382354
double_vax,G485A,-0.0077351793
inactivated,G485A,-0.005139889
inactivated_with_rna,G485A,0.04413291
multiple_rna,G485A,0.022257088
rna,G485A,-0.055482816
single_vax,G485A,0.01545424
unknown,G485A,0.009284599
vax_with_bivalent,G485A,0.029800255
vax_with_rna,G485A,0.044262007
Alpha,G485R,0.043760058
Beta,G485R,0.16336614
Delta,G485R,-0.08532255
Epsilon,G485R,0.07613
Gamma,G485R,-0.093878284
Iota,G485R,-0.020429738
Lambda,G485R,-0.15287197
Mu,G485R,0.050759856
Omicron/BA.1,G485R,0.0594002
Omicron/BA.2,G485R,-0.015542016
Omicron/BA.4+,G485R,-0.07375944
Wild Type,G485R,0.09046602
bivalent,G485R,0.012586272
bivalent_with_rna,G485R,-0.06388884
cocktail,G485R,0.047550432
double_vax,G485R,0.01651668
inactivated,G485R,0.008459376
inactivated_with_rna,G485R,-0.0038680863
multiple_rna,G485R,0.10415998
rna,G485R,-0.022650223
single_vax,G485R,-0.10732163
unknown,G485R,-0.06299769
vax_with_bivalent,G485R,-0.0012562806
vax_with_rna,G485R,-0.17118792
Alpha,G496G,-0.03800139
Beta,G496G,-0.0016143015
Delta,G496G,0.09175506
Epsilon,G496G,-0.0031127855
Gamma,G496G,-0.04533111
Iota,G496G,-0.022226378
Lambda,G496G,-0.038373645
Mu,G496G,0.013830814
Omicron/BA.1,G496G,0.02014778
Omicron/BA.2,G496G,0.023975551
Omicron/BA.4+,G496G,-0.035308447
Wild Type,G496G,0.0006691199
bivalent,G496G,0.11425216
bivalent_with_rna,G496G,0.013351301
cocktail,G496G,0.15124646
double_vax,G496G,0.07390171
inactivated,G496G,-0.003062809
inactivated_with_rna,G496G,0.03602115
multiple_rna,G496G,0.00394468
rna,G496G,-0.022856403
single_vax,G496G,0.016555727
unknown,G496G,-0.009487351
vax_with_bivalent,G496G,-0.12297325
vax_with_rna,G496G,0.023110885
Alpha,G496S,0.043895386
Beta,G496S,0.066775665
Delta,G496S,0.028512813
Epsilon,G496S,-0.10994086
Gamma,G496S,0.0014252327
Iota,G496S,0.02504535
Lambda,G496S,-0.020020302
Mu,G496S,0.012536444
Omicron/BA.1,G496S,0.017891474
Omicron/BA.2,G496S,-0.0487561
Omicron/BA.4+,G496S,-0.038197838
Wild Type,G496S,-0.030282523
bivalent,G496S,-0.01673603
bivalent_with_rna,G496S,-0.02474304
cocktail,G496S,-0.05182358
double_vax,G496S,0.013249576
inactivated,G496S,-0.080363855
inactivated_with_rna,G496S,0.032676328
multiple_rna,G496S,-0.0139268385
rna,G496S,-0.050774865
single_vax,G496S,-0.006926084
unknown,G496S,-0.023705563
vax_with_bivalent,G496S,-0.042891618
vax_with_rna,G496S,-0.07976095
Alpha,G504N,0.025508342
Beta,G504N,-0.014822064
Delta,G504N,-0.03753192
Epsilon,G504N,-0.020314708
Gamma,G504N,0.021057166
Iota,G504N,-0.016466582
Lambda,G504N,0.048104048
Mu,G504N,-0.009918854
Omicron/BA.1,G504N,-0.0051602265
Omicron/BA.2,G504N,-0.04165237
Omicron/BA.4+,G504N,0.0059100958
Wild Type,G504N,0.036440242
bivalent,G504N,-0.022775445
bivalent_with_rna,G504N,0.02138117
cocktail,G504N,7.098017e-05
double_vax,G504N,0.011464067
inactivated,G504N,0.00013210485
inactivated_with_rna,G504N,-0.0007926347
multiple_rna,G504N,0.016184675
rna,G504N,0.016235199
single_vax,G504N,-0.0029915432
unknown,G504N,-0.02491768
vax_with_bivalent,G504N,0.038182996
vax_with_rna,G504N,-0.024944955
Alpha,G72E,-0.10395115
Beta,G72E,-0.047322486
Delta,G72E,0.025933918
Epsilon,G72E,0.09026185
Gamma,G72E,0.11981457
Iota,G72E,0.08214621
Lambda,G72E,-0.046962854
Mu,G72E,0.009653151
Omicron/BA.1,G72E,-0.08821123
Omicron/BA.2,G72E,0.060946744
Omicron/BA.4+,G72E,-0.038777784
Wild Type,G72E,0.07166731
bivalent,G72E,0.013615783
bivalent_with_rna,G72E,-0.034906756
cocktail,G72E,-0.006415244
double_vax,G72E,-0.09987916
inactivated,G72E,0.087871075
inactivated_with_rna,G72E,0.04414133
multiple_rna,G72E,0.03495273
rna,G72E,-0.052312315
single_vax,G72E,-0.07262014
unknown,G72E,-0.00941793
vax_with_bivalent,G72E,0.048682455
vax_with_rna,G72E,-0.056422304
Alpha,G72R,0.007424877
Beta,G72R,0.0014075236
Delta,G72R,0.036963187
Epsilon,G72R,-0.04430735
Gamma,G72R,0.0005661034
Iota,G72R,0.070236936
Lambda,G72R,0.03999777
Mu,G72R,0.022512283
Omicron/BA.1,G72R,0.061091065
Omicron/BA.2,G72R,0.06988361
Omicron/BA.4+,G72R,0.029154046
Wild Type,G72R,-0.018416665
bivalent,G72R,0.037306756
bivalent_with_rna,G72R,-0.024004497
cocktail,G72R,0.018151559
double_vax,G72R,0.044332877
inactivated,G72R,0.015726637
inactivated_with_rna,G72R,0.006140235
multiple_rna,G72R,-0.002392002
rna,G72R,-0.04485082
single_vax,G72R,0.000627161
unknown,G72R,-0.15200159
vax_with_bivalent,G72R,-0.047038976
vax_with_rna,G72R,0.003403888
Alpha,G75V,0.06932826
Beta,G75V,-0.028562834
Delta,G75V,-0.019759376
Epsilon,G75V,0.08872834
Gamma,G75V,-0.03918823
Iota,G75V,-0.11617469
Lambda,G75V,0.047124907
Mu,G75V,-0.010320748
Omicron/BA.1,G75V,-0.024194557
Omicron/BA.2,G75V,0.031740174
Omicron/BA.4+,G75V,0.019525245
Wild Type,G75V,0.042222723
bivalent,G75V,-0.08857794
bivalent_with_rna,G75V,0.00053309184
cocktail,G75V,-0.014062778
double_vax,G75V,-0.065244794
inactivated,G75V,0.056950726
inactivated_with_rna,G75V,0.03306117
multiple_rna,G75V,-0.031373583
rna,G75V,-0.026094235
single_vax,G75V,-0.08733215
unknown,G75V,-0.018418435
vax_with_bivalent,G75V,-0.104925774
vax_with_rna,G75V,0.067858554
Alpha,G769V,-0.0039762864
Beta,G769V,-0.046950407
Delta,G769V,0.030132899
Epsilon,G769V,0.067302644
Gamma,G769V,0.11770764
Iota,G769V,-0.046266485
Lambda,G769V,-0.08123921
Mu,G769V,-0.03263218
Omicron/BA.1,G769V,0.036334977
Omicron/BA.2,G769V,-0.02012138
Omicron/BA.4+,G769V,-0.10208832
Wild Type,G769V,-0.013255435
bivalent,G769V,-0.07292139
bivalent_with_rna,G769V,0.017657213
cocktail,G769V,-0.05594731
double_vax,G769V,0.032184932
inactivated,G769V,-0.0006183416
inactivated_with_rna,G769V,-0.05328279
multiple_rna,G769V,0.08772662
rna,G769V,0.08921566
single_vax,G769V,-0.045699243
unknown,G769V,0.0041857045
vax_with_bivalent,G769V,0.016635422
vax_with_rna,G769V,0.027049078
Alpha,G798D,0.08152173
Beta,G798D,-0.045341633
Delta,G798D,0.004948983
Epsilon,G798D,0.015922103
Gamma,G798D,0.026137952
Iota,G798D,-0.031059397
Lambda,G798D,0.07352036
Mu,G798D,0.034118332
Omicron/BA.1,G798D,0.04251447
Omicron/BA.2,G798D,-0.055438958
Omicron/BA.4+,G798D,-0.045516677
Wild Type,G798D,0.00015344316
bivalent,G798D,0.1156226
bivalent_with_rna,G798D,0.009372436
cocktail,G798D,-0.0022754949
double_vax,G798D,-0.015418143
inactivated,G798D,0.023583865
inactivated_with_rna,G798D,0.009783737
multiple_rna,G798D,-0.053575806
rna,G798D,0.05888441
single_vax,G798D,0.01932456
unknown,G798D,-0.12609279
vax_with_bivalent,G798D,0.06281233
vax_with_rna,G798D,0.03904257
Alpha,G932S,0.008383328
Beta,G932S,-0.026501559
Delta,G932S,-0.035870735
Epsilon,G932S,-0.10116775
Gamma,G932S,0.0043727607
Iota,G932S,0.004198756
Lambda,G932S,-0.06462343
Mu,G932S,-0.021437751
Omicron/BA.1,G932S,0.013708583
Omicron/BA.2,G932S,0.1261644
Omicron/BA.4+,G932S,-0.06954144
Wild Type,G932S,-0.032415714
bivalent,G932S,0.02421432
bivalent_with_rna,G932S,0.02267658
cocktail,G932S,0.016101286
double_vax,G932S,-0.0484103
inactivated,G932S,0.08297627
inactivated_with_rna,G932S,0.042772725
multiple_rna,G932S,0.0098877875
rna,G932S,-0.034486137
single_vax,G932S,0.0182735
unknown,G932S,-0.010647756
vax_with_bivalent,G932S,-0.09235814
vax_with_rna,G932S,0.015642174
Alpha,H1088Y,0.028355723
Beta,H1088Y,-0.006776995
Delta,H1088Y,0.13029373
Epsilon,H1088Y,0.040147357
Gamma,H1088Y,0.065360054
Iota,H1088Y,-0.00577907
Lambda,H1088Y,0.08753055
Mu,H1088Y,-0.12631752
Omicron/BA.1,H1088Y,-0.026707549
Omicron/BA.2,H1088Y,-0.026712075
Omicron/BA.4+,H1088Y,0.0058420356
Wild Type,H1088Y,0.09428951
bivalent,H1088Y,-0.0076451693
bivalent_with_rna,H1088Y,0.017837167
cocktail,H1088Y,0.04051694
double_vax,H1088Y,-0.022615701
inactivated,H1088Y,-0.018134031
inactivated_with_rna,H1088Y,-0.08230899
multiple_rna,H1088Y,-0.08868162
rna,H1088Y,-0.0535302
single_vax,H1088Y,0.045961592
unknown,H1088Y,0.020376673
vax_with_bivalent,H1088Y,0.04729121
vax_with_rna,H1088Y,0.0925186
Alpha,H1101D,-0.0067591793
Beta,H1101D,-0.061380424
Delta,H1101D,0.028281402
Epsilon,H1101D,0.039933253
Gamma,H1101D,0.08830505
Iota,H1101D,-0.048466086
Lambda,H1101D,-0.044849478
Mu,H1101D,-0.053297676
Omicron/BA.1,H1101D,-0.020837158
Omicron/BA.2,H1101D,-0.0405334
Omicron/BA.4+,H1101D,0.054300576
Wild Type,H1101D,0.056447305
bivalent,H1101D,0.03225596
bivalent_with_rna,H1101D,0.045684103
cocktail,H1101D,0.093017
double_vax,H1101D,0.017879946
inactivated,H1101D,-0.16420808
inactivated_with_rna,H1101D,-0.044480745
multiple_rna,H1101D,0.0010210358
rna,H1101D,0.027288634
single_vax,H1101D,0.026904728
unknown,H1101D,0.013903438
vax_with_bivalent,H1101D,0.02118805
vax_with_rna,H1101D,0.2037655
Alpha,H1101S,-0.008930734
Beta,H1101S,0.06085915
Delta,H1101S,0.045140143
Epsilon,H1101S,-0.0057551404
Gamma,H1101S,0.025438959
Iota,H1101S,0.035134632
Lambda,H1101S,-0.068430245
Mu,H1101S,-0.03868848
Omicron/BA.1,H1101S,-0.034375932
Omicron/BA.2,H1101S,0.031197645
Omicron/BA.4+,H1101S,0.051970996
Wild Type,H1101S,0.018345697
bivalent,H1101S,0.025790177
bivalent_with_rna,H1101S,0.014866823
cocktail,H1101S,-0.060208216
double_vax,H1101S,-0.03579131
inactivated,H1101S,0.0027645049
inactivated_with_rna,H1101S,-0.06521003
multiple_rna,H1101S,-0.0152326245
rna,H1101S,-0.01673386
single_vax,H1101S,-0.015187554
unknown,H1101S,0.023778223
vax_with_bivalent,H1101S,0.012851639
vax_with_rna,H1101S,0.06374377
Alpha,H146N,-0.07892232
Beta,H146N,0.038054325
Delta,H146N,0.021868026
Epsilon,H146N,-0.041896965
Gamma,H146N,-0.02186743
Iota,H146N,0.030570377
Lambda,H146N,0.039735597
Mu,H146N,0.10432234
Omicron/BA.1,H146N,0.016365109
Omicron/BA.2,H146N,0.02462825
Omicron/BA.4+,H146N,0.007304121
Wild Type,H146N,0.05003275
bivalent,H146N,0.020394322
bivalent_with_rna,H146N,-0.112431616
cocktail,H146N,0.074969016
double_vax,H146N,-0.077491894
inactivated,H146N,-0.042194087
inactivated_with_rna,H146N,0.052376125
multiple_rna,H146N,0.013362825
rna,H146N,0.008535744
single_vax,H146N,0.067620054
unknown,H146N,-0.03130599
vax_with_bivalent,H146N,-0.022159098
vax_with_rna,H146N,0.030351281
Alpha,H146P,0.12143338
Beta,H146P,0.051416934
Delta,H146P,-0.02802018
Epsilon,H146P,0.043440297
Gamma,H146P,0.051935155
Iota,H146P,-0.0043033874
Lambda,H146P,0.08289523
Mu,H146P,0.00022273138
Omicron/BA.1,H146P,-0.017924473
Omicron/BA.2,H146P,0.00019049458
Omicron/BA.4+,H146P,-0.020464418
Wild Type,H146P,0.076292016
bivalent,H146P,-0.026836185
bivalent_with_rna,H146P,-0.028496286
cocktail,H146P,-0.009184207
double_vax,H146P,-0.02230404
inactivated,H146P,-0.023707043
inactivated_with_rna,H146P,0.075170234
multiple_rna,H146P,-0.10371922
rna,H146P,-0.02161216
single_vax,H146P,0.025090966
unknown,H146P,0.021956429
vax_with_bivalent,H146P,-0.003303595
vax_with_rna,H146P,0.0077058114
Alpha,H146Q,0.012094751
Beta,H146Q,0.027680475
Delta,H146Q,-0.040249497
Epsilon,H146Q,0.025376618
Gamma,H146Q,0.029934268
Iota,H146Q,-0.02487827
Lambda,H146Q,0.06110557
Mu,H146Q,0.0037654757
Omicron/BA.1,H146Q,-0.042494018
Omicron/BA.2,H146Q,0.024914429
Omicron/BA.4+,H146Q,-0.034422744
Wild Type,H146Q,0.046643235
bivalent,H146Q,0.02990551
bivalent_with_rna,H146Q,-0.029719703
cocktail,H146Q,-0.0621889
double_vax,H146Q,0.09915005
inactivated,H146Q,0.019529069
inactivated_with_rna,H146Q,0.052192725
multiple_rna,H146Q,0.032577954
rna,H146Q,0.0295096
single_vax,H146Q,-0.04498559
unknown,H146Q,0.09532486
vax_with_bivalent,H146Q,0.020659845
vax_with_rna,H146Q,-0.017237116
Alpha,H146S,-0.09182045
Beta,H146S,-0.043775328
Delta,H146S,0.07257574
Epsilon,H146S,0.070026696
Gamma,H146S,0.1882727
Iota,H146S,-0.016298402
Lambda,H146S,0.035800125
Mu,H146S,-0.07355429
Omicron/BA.1,H146S,-0.10761502
Omicron/BA.2,H146S,0.011365674
Omicron/BA.4+,H146S,0.05066561
Wild Type,H146S,-0.00931699
bivalent,H146S,-0.021434119
bivalent_with_rna,H146S,0.02263258
cocktail,H146S,-0.0029535647
double_vax,H146S,0.044110294
inactivated,H146S,0.019260705
inactivated_with_rna,H146S,0.010003507
multiple_rna,H146S,-0.043778256
rna,H146S,-0.044371948
single_vax,H146S,-0.022044513
unknown,H146S,0.008455807
vax_with_bivalent,H146S,0.0072460007
vax_with_rna,H146S,-0.06425271
Alpha,H207Y,0.084677495
Beta,H207Y,-0.023592176
Delta,H207Y,-0.019705864
Epsilon,H207Y,-0.042264342
Gamma,H207Y,-0.107030764
Iota,H207Y,0.05388542
Lambda,H207Y,-0.0836007
Mu,H207Y,-0.012690079
Omicron/BA.1,H207Y,0.029683255
Omicron/BA.2,H207Y,-0.036129206
Omicron/BA.4+,H207Y,0.059718963
Wild Type,H207Y,0.003781063
bivalent,H207Y,-0.003303836
bivalent_with_rna,H207Y,0.009326994
cocktail,H207Y,0.015390723
double_vax,H207Y,-0.03760717
inactivated,H207Y,-0.0018572323
inactivated_with_rna,H207Y,0.112409145
multiple_rna,H207Y,-0.066602856
rna,H207Y,-0.026261287
single_vax,H207Y,0.006120431
unknown,H207Y,-0.015643608
vax_with_bivalent,H207Y,-0.035197698
vax_with_rna,H207Y,-0.01394115
Alpha,H245N,-0.018542776
Beta,H245N,0.03944045
Delta,H245N,-0.11905232
Epsilon,H245N,-0.10194128
Gamma,H245N,-0.0042033386
Iota,H245N,-0.032853335
Lambda,H245N,-0.0024487115
Mu,H245N,0.031166885
Omicron/BA.1,H245N,0.021581324
Omicron/BA.2,H245N,0.0037933234
Omicron/BA.4+,H245N,-0.0874193
Wild Type,H245N,0.033998612
bivalent,H245N,0.113163635
bivalent_with_rna,H245N,-0.018381583
cocktail,H245N,0.13999161
double_vax,H245N,-0.056551885
inactivated,H245N,0.10862324
inactivated_with_rna,H245N,-0.020638712
multiple_rna,H245N,0.09569243
rna,H245N,0.09635277
single_vax,H245N,0.07085041
unknown,H245N,0.009007294
vax_with_bivalent,H245N,-0.033360742
vax_with_rna,H245N,-0.08818334
Alpha,H49Y,-0.035277504
Beta,H49Y,0.03940276
Delta,H49Y,0.026202325
Epsilon,H49Y,0.12599248
Gamma,H49Y,-0.054034058
Iota,H49Y,-0.036937613
Lambda,H49Y,-0.14579706
Mu,H49Y,0.054593537
Omicron/BA.1,H49Y,-0.017248766
Omicron/BA.2,H49Y,-0.036398582
Omicron/BA.4+,H49Y,0.029173184
Wild Type,H49Y,-0.000405706
bivalent,H49Y,-0.0050545726
bivalent_with_rna,H49Y,-0.007650568
cocktail,H49Y,-0.019704139
double_vax,H49Y,-0.056819536
inactivated,H49Y,0.022909064
inactivated_with_rna,H49Y,0.01362037
multiple_rna,H49Y,0.078913726
rna,H49Y,-0.017125254
single_vax,H49Y,0.021509396
unknown,H49Y,0.10142729
vax_with_bivalent,H49Y,0.011679273
vax_with_rna,H49Y,-0.036890864
Alpha,H519N,-0.05047309
Beta,H519N,-0.042877294
Delta,H519N,-0.13962895
Epsilon,H519N,0.07596338
Gamma,H519N,-0.055831313
Iota,H519N,0.050460238
Lambda,H519N,-0.041320316
Mu,H519N,-0.01196141
Omicron/BA.1,H519N,0.06610383
Omicron/BA.2,H519N,0.06748314
Omicron/BA.4+,H519N,0.03733457
Wild Type,H519N,0.016182393
bivalent,H519N,-0.08577111
bivalent_with_rna,H519N,0.0075062793
cocktail,H519N,0.022972167
double_vax,H519N,-0.023116205
inactivated,H519N,0.049503203
inactivated_with_rna,H519N,0.038256988
multiple_rna,H519N,0.018712837
rna,H519N,-0.028439276
single_vax,H519N,0.0057723583
unknown,H519N,0.07184084
vax_with_bivalent,H519N,-0.042531554
vax_with_rna,H519N,0.020129673
Alpha,H655H,-0.01075709
Beta,H655H,-0.13599168
Delta,H655H,0.10235102
Epsilon,H655H,-0.026063064
Gamma,H655H,0.08787921
Iota,H655H,-0.039149437
Lambda,H655H,-0.040864363
Mu,H655H,-0.046417672
Omicron/BA.1,H655H,-0.020677304
Omicron/BA.2,H655H,0.07194077
Omicron/BA.4+,H655H,-0.010903135
Wild Type,H655H,0.040254068
bivalent,H655H,0.0607931
bivalent_with_rna,H655H,0.031905346
cocktail,H655H,-0.039790686
double_vax,H655H,0.013794463
inactivated,H655H,-0.015000665
inactivated_with_rna,H655H,0.016028155
multiple_rna,H655H,-0.03069489
rna,H655H,0.0010687793
single_vax,H655H,0.043880448
unknown,H655H,-0.017875392
vax_with_bivalent,H655H,-0.06834589
vax_with_rna,H655H,0.0672998
Alpha,H655Y,0.081647374
Beta,H655Y,0.025670728
Delta,H655Y,0.008904398
Epsilon,H655Y,0.06330443
Gamma,H655Y,-0.014694829
Iota,H655Y,-0.011232678
Lambda,H655Y,0.08786707
Mu,H655Y,0.03134288
Omicron/BA.1,H655Y,0.027856905
Omicron/BA.2,H655Y,-0.045008287
Omicron/BA.4+,H655Y,-0.0043635615
Wild Type,H655Y,0.057828076
bivalent,H655Y,0.041619234
bivalent_with_rna,H655Y,0.029452637
cocktail,H655Y,0.05732077
double_vax,H655Y,0.025608854
inactivated,H655Y,0.016087677
inactivated_with_rna,H655Y,0.011072321
multiple_rna,H655Y,0.012916405
rna,H655Y,0.03888571
single_vax,H655Y,0.05881197
unknown,H655Y,0.025352243
vax_with_bivalent,H655Y,-0.0027868515
vax_with_rna,H655Y,0.07161637
Alpha,H66I,0.00087116845
Beta,H66I,-0.06593721
Delta,H66I,-0.010294903
Epsilon,H66I,0.017568033
Gamma,H66I,0.027810289
Iota,H66I,-0.08349187
Lambda,H66I,-0.039750807
Mu,H66I,0.011904011
Omicron/BA.1,H66I,0.04765439
Omicron/BA.2,H66I,-0.009784164
Omicron/BA.4+,H66I,-0.056094676
Wild Type,H66I,0.04072134
bivalent,H66I,0.18073563
bivalent_with_rna,H66I,-0.05088778
cocktail,H66I,-0.03644455
double_vax,H66I,0.0150184445
inactivated,H66I,0.06951126
inactivated_with_rna,H66I,-0.07528161
multiple_rna,H66I,-0.15887465
rna,H66I,0.014989836
single_vax,H66I,-0.004479412
unknown,H66I,0.007109436
vax_with_bivalent,H66I,-0.027762221
vax_with_rna,H66I,-0.052716106
Alpha,H66N,0.07618298
Beta,H66N,-0.021909067
Delta,H66N,-0.035053194
Epsilon,H66N,0.074889034
Gamma,H66N,0.05790707
Iota,H66N,0.05140792
Lambda,H66N,0.03255434
Mu,H66N,-0.044306614
Omicron/BA.1,H66N,0.07198134
Omicron/BA.2,H66N,0.08702906
Omicron/BA.4+,H66N,0.019632705
Wild Type,H66N,-0.01047798
bivalent,H66N,-0.07265251
bivalent_with_rna,H66N,0.043259725
cocktail,H66N,-0.020467412
double_vax,H66N,-0.035308663
inactivated,H66N,-0.100556314
inactivated_with_rna,H66N,0.06055288
multiple_rna,H66N,0.022815915
rna,H66N,0.028922938
single_vax,H66N,-0.06017953
unknown,H66N,0.0004763333
vax_with_bivalent,H66N,-0.015477292
vax_with_rna,H66N,-0.026901558
Alpha,H69G,0.04453817
Beta,H69G,-0.0119168665
Delta,H69G,-0.027280584
Epsilon,H69G,-0.017468816
Gamma,H69G,0.1428975
Iota,H69G,-0.017025951
Lambda,H69G,0.060837105
Mu,H69G,-0.038291857
Omicron/BA.1,H69G,0.054366037
Omicron/BA.2,H69G,0.008565319
Omicron/BA.4+,H69G,-0.022664404
Wild Type,H69G,-0.04970243
bivalent,H69G,0.009435145
bivalent_with_rna,H69G,-0.0782249
cocktail,H69G,-0.07527521
double_vax,H69G,0.073909454
inactivated,H69G,-0.07321186
inactivated_with_rna,H69G,-0.05406528
multiple_rna,H69G,0.040182397
rna,H69G,-0.05928613
single_vax,H69G,0.024119627
unknown,H69G,0.024555748
vax_with_bivalent,H69G,-0.03374961
vax_with_rna,H69G,-0.12321243
Alpha,H69H,0.034056567
Beta,H69H,0.025271434
Delta,H69H,0.11963241
Epsilon,H69H,-0.0403229
Gamma,H69H,0.07574734
Iota,H69H,0.14419973
Lambda,H69H,0.002346873
Mu,H69H,0.045056596
Omicron/BA.1,H69H,0.0018555827
Omicron/BA.2,H69H,0.05729264
Omicron/BA.4+,H69H,0.046243742
Wild Type,H69H,-0.010780451
bivalent,H69H,0.029963374
bivalent_with_rna,H69H,-0.002853651
cocktail,H69H,-0.002546113
double_vax,H69H,0.03433419
inactivated,H69H,0.011300087
inactivated_with_rna,H69H,0.092849515
multiple_rna,H69H,0.015180815
rna,H69H,0.06297135
single_vax,H69H,0.03603513
unknown,H69H,-0.0030233164
vax_with_bivalent,H69H,0.047238536
vax_with_rna,H69H,-0.04692874
Alpha,H69N,0.019033574
Beta,H69N,-0.069458365
Delta,H69N,0.025906691
Epsilon,H69N,-0.08114195
Gamma,H69N,-0.1270299
Iota,H69N,-0.020547781
Lambda,H69N,-0.033223715
Mu,H69N,0.005856132
Omicron/BA.1,H69N,0.03621655
Omicron/BA.2,H69N,0.058729377
Omicron/BA.4+,H69N,0.094713986
Wild Type,H69N,0.056881677
bivalent,H69N,0.0016972129
bivalent_with_rna,H69N,0.037667338
cocktail,H69N,0.10307936
double_vax,H69N,-0.010018203
inactivated,H69N,0.078705736
inactivated_with_rna,H69N,-0.09147382
multiple_rna,H69N,0.018596293
rna,H69N,-0.03764049
single_vax,H69N,0.010231369
unknown,H69N,0.01391728
vax_with_bivalent,H69N,0.042206086
vax_with_rna,H69N,0.08799911
Alpha,H69R,-0.016148519
Beta,H69R,0.12793986
Delta,H69R,0.14577392
Epsilon,H69R,0.07575699
Gamma,H69R,-0.087288946
Iota,H69R,0.014273101
Lambda,H69R,0.041590247
Mu,H69R,0.030845536
Omicron/BA.1,H69R,0.039089724
Omicron/BA.2,H69R,0.007770736
Omicron/BA.4+,H69R,0.08413033
Wild Type,H69R,0.00019863807
bivalent,H69R,0.034609783
bivalent_with_rna,H69R,-0.017181788
cocktail,H69R,-0.037105035
double_vax,H69R,0.063895404
inactivated,H69R,0.011298685
inactivated_with_rna,H69R,0.07868586
multiple_rna,H69R,0.0995392
rna,H69R,0.13204487
single_vax,H69R,0.035948176
unknown,H69R,0.04988715
vax_with_bivalent,H69R,-0.086566865
vax_with_rna,H69R,0.019690687
Alpha,I100V,0.045085307
Beta,I100V,0.051474623
Delta,I100V,-0.0028776051
Epsilon,I100V,0.011377779
Gamma,I100V,0.002212965
Iota,I100V,-0.051903546
Lambda,I100V,-0.051425476
Mu,I100V,0.11483389
Omicron/BA.1,I100V,0.033720598
Omicron/BA.2,I100V,-0.031859085
Omicron/BA.4+,I100V,0.028307397
Wild Type,I100V,-0.012238029
bivalent,I100V,-0.038535763
bivalent_with_rna,I100V,0.06486561
cocktail,I100V,0.09785736
double_vax,I100V,0.018969268
inactivated,I100V,-0.04135495
inactivated_with_rna,I100V,-0.022141153
multiple_rna,I100V,0.03953408
rna,I100V,-0.024309702
single_vax,I100V,-0.004889152
unknown,I100V,0.029447395
vax_with_bivalent,I100V,0.012677187
vax_with_rna,I100V,-0.06892368
Alpha,I101V,-0.04583482
Beta,I101V,-0.060774736
Delta,I101V,-0.023970336
Epsilon,I101V,0.03438242
Gamma,I101V,-0.04712242
Iota,I101V,0.015041317
Lambda,I101V,0.025347207
Mu,I101V,-0.019448683
Omicron/BA.1,I101V,0.072891384
Omicron/BA.2,I101V,-0.024449967
Omicron/BA.4+,I101V,-0.113641195
Wild Type,I101V,0.027353192
bivalent,I101V,-0.021017607
bivalent_with_rna,I101V,0.073588125
cocktail,I101V,0.024939852
double_vax,I101V,-0.031400606
inactivated,I101V,-0.00733801
inactivated_with_rna,I101V,0.012376884
multiple_rna,I101V,0.0020267675
rna,I101V,-0.023933584
single_vax,I101V,0.008899681
unknown,I101V,-0.03939633
vax_with_bivalent,I101V,0.10783306
vax_with_rna,I101V,-0.07437956
Alpha,I105V,0.01142624
Beta,I105V,0.014820198
Delta,I105V,-0.015402144
Epsilon,I105V,-0.07209019
Gamma,I105V,0.020852339
Iota,I105V,-0.016188584
Lambda,I105V,0.062896386
Mu,I105V,0.0060223974
Omicron/BA.1,I105V,0.011218276
Omicron/BA.2,I105V,-0.044400953
Omicron/BA.4+,I105V,-0.012422091
Wild Type,I105V,-0.041445937
bivalent,I105V,-0.07817136
bivalent_with_rna,I105V,-0.013236869
cocktail,I105V,-0.030303335
double_vax,I105V,-0.069670975
inactivated,I105V,0.051735073
inactivated_with_rna,I105V,-0.04669818
multiple_rna,I105V,0.059453845
rna,I105V,-0.0377058
single_vax,I105V,-0.003321399
unknown,I105V,-0.0012880319
vax_with_bivalent,I105V,-0.0067259893
vax_with_rna,I105V,0.012076589
Alpha,I1216V,0.089848906
Beta,I1216V,0.00751708
Delta,I1216V,-0.013222131
Epsilon,I1216V,-0.06989085
Gamma,I1216V,0.053596344
Iota,I1216V,0.06312211
Lambda,I1216V,0.15058756
Mu,I1216V,0.08970596
Omicron/BA.1,I1216V,-0.08396455
Omicron/BA.2,I1216V,-0.046773154
Omicron/BA.4+,I1216V,-0.0047271363
Wild Type,I1216V,0.08210604
bivalent,I1216V,-0.020064171
bivalent_with_rna,I1216V,0.047554966
cocktail,I1216V,0.053695865
double_vax,I1216V,0.042328242
inactivated,I1216V,0.0366753
inactivated_with_rna,I1216V,-0.02837945
multiple_rna,I1216V,0.019404447
rna,I1216V,-0.02604381
single_vax,I1216V,0.027736478
unknown,I1216V,0.019782472
vax_with_bivalent,I1216V,-0.013376094
vax_with_rna,I1216V,0.053231485
Alpha,I197K,0.00830717
Beta,I197K,0.0036455896
Delta,I197K,0.0023061652
Epsilon,I197K,-0.016171161
Gamma,I197K,-0.12065184
Iota,I197K,-0.06208835
Lambda,I197K,-0.017063355
Mu,I197K,0.02790735
Omicron/BA.1,I197K,0.00038778782
Omicron/BA.2,I197K,-0.103550784
Omicron/BA.4+,I197K,-0.13860825
Wild Type,I197K,-0.047987998
bivalent,I197K,0.01151018
bivalent_with_rna,I197K,0.0023067668
cocktail,I197K,0.11557268
double_vax,I197K,0.017541721
inactivated,I197K,-0.028995596
inactivated_with_rna,I197K,0.03943107
multiple_rna,I197K,-0.004721343
rna,I197K,-0.028487118
single_vax,I197K,0.013888952
unknown,I197K,-0.08941681
vax_with_bivalent,I197K,0.06744947
vax_with_rna,I197K,0.04134968
Alpha,I197V,0.01839315
Beta,I197V,0.09832853
Delta,I197V,-0.06916704
Epsilon,I197V,0.025323309
Gamma,I197V,0.05293487
Iota,I197V,-0.03393864
Lambda,I197V,-0.04101503
Mu,I197V,-0.007827712
Omicron/BA.1,I197V,0.12623212
Omicron/BA.2,I197V,0.08218767
Omicron/BA.4+,I197V,-0.075992346
Wild Type,I197V,-0.0739734
bivalent,I197V,0.03951264
bivalent_with_rna,I197V,0.022768468
cocktail,I197V,-0.058061246
double_vax,I197V,0.017879587
inactivated,I197V,0.046264127
inactivated_with_rna,I197V,-0.062193476
multiple_rna,I197V,0.041086067
rna,I197V,0.05142485
single_vax,I197V,-0.028225332
unknown,I197V,0.0069672223
vax_with_bivalent,I197V,-0.057607803
vax_with_rna,I197V,0.0990068
Alpha,I203V,0.0025107814
Beta,I203V,-0.003736495
Delta,I203V,-0.108773254
Epsilon,I203V,0.062040985
Gamma,I203V,-0.0060805622
Iota,I203V,-0.026041374
Lambda,I203V,-0.06819914
Mu,I203V,-0.07800667
Omicron/BA.1,I203V,-0.07077784
Omicron/BA.2,I203V,-0.005204807
Omicron/BA.4+,I203V,0.014437535
Wild Type,I203V,-0.068300806
bivalent,I203V,0.046739474
bivalent_with_rna,I203V,0.038976774
cocktail,I203V,-0.04307096
double_vax,I203V,0.113826886
inactivated,I203V,0.002303874
inactivated_with_rna,I203V,-0.015945623
multiple_rna,I203V,0.01337852
rna,I203V,-0.050492764
single_vax,I203V,0.038902733
unknown,I203V,0.045488488
vax_with_bivalent,I203V,0.012824003
vax_with_rna,I203V,-0.032494117
Alpha,I210T,-0.027647179
Beta,I210T,-0.016209025
Delta,I210T,0.07380254
Epsilon,I210T,-0.03366221
Gamma,I210T,0.102282085
Iota,I210T,0.034812912
Lambda,I210T,0.040117264
Mu,I210T,-0.00071132556
Omicron/BA.1,I210T,-0.050511084
Omicron/BA.2,I210T,0.02604868
Omicron/BA.4+,I210T,-0.0002598744
Wild Type,I210T,0.01798294
bivalent,I210T,-0.03942514
bivalent_with_rna,I210T,-0.016452841
cocktail,I210T,-0.033092618
double_vax,I210T,-0.14936021
inactivated,I210T,0.178352
inactivated_with_rna,I210T,0.03656452
multiple_rna,I210T,0.05768869
rna,I210T,-0.041624643
single_vax,I210T,-0.011982968
unknown,I210T,-0.026195293
vax_with_bivalent,I210T,-0.013315659
vax_with_rna,I210T,-0.07253968
Alpha,I210V,-0.020065667
Beta,I210V,-0.044539824
Delta,I210V,0.0034635863
Epsilon,I210V,0.011187169
Gamma,I210V,0.057374902
Iota,I210V,-0.016532555
Lambda,I210V,-0.056309164
Mu,I210V,-0.12109491
Omicron/BA.1,I210V,0.10436125
Omicron/BA.2,I210V,-0.07078261
Omicron/BA.4+,I210V,-0.041584417
Wild Type,I210V,0.03767149
bivalent,I210V,-0.09129699
bivalent_with_rna,I210V,0.046335958
cocktail,I210V,-0.0004078336
double_vax,I210V,-0.048694804
inactivated,I210V,0.034208186
inactivated_with_rna,I210V,-0.012383494
multiple_rna,I210V,0.015508945
rna,I210V,-0.046779405
single_vax,I210V,0.005944778
unknown,I210V,0.060668573
vax_with_bivalent,I210V,0.005630361
vax_with_rna,I210V,0.04221557
Alpha,I231A,0.05063947
Beta,I231A,-0.04896432
Delta,I231A,-0.0084650945
Epsilon,I231A,0.033567354
Gamma,I231A,-0.09870179
Iota,I231A,-0.033928
Lambda,I231A,-0.052586038
Mu,I231A,0.06915651
Omicron/BA.1,I231A,0.023863211
Omicron/BA.2,I231A,0.0029792339
Omicron/BA.4+,I231A,-0.013668272
Wild Type,I231A,0.067051835
bivalent,I231A,0.046842188
bivalent_with_rna,I231A,-0.018255774
cocktail,I231A,0.09046016
double_vax,I231A,0.049053833
inactivated,I231A,0.017099002
inactivated_with_rna,I231A,-0.055897873
multiple_rna,I231A,0.032515123
rna,I231A,0.02606412
single_vax,I231A,0.05692587
unknown,I231A,-0.008512221
vax_with_bivalent,I231A,0.04162693
vax_with_rna,I231A,0.06846437
Alpha,I231L,0.01744164
Beta,I231L,-0.03557807
Delta,I231L,0.036739033
Epsilon,I231L,0.008932032
Gamma,I231L,-0.022632454
Iota,I231L,0.0137721095
Lambda,I231L,0.10229996
Mu,I231L,-0.065967694
Omicron/BA.1,I231L,-0.0141166225
Omicron/BA.2,I231L,-0.10393541
Omicron/BA.4+,I231L,-0.055249795
Wild Type,I231L,0.01587522
bivalent,I231L,0.072033525
bivalent_with_rna,I231L,-0.0119013535
cocktail,I231L,-0.041600533
double_vax,I231L,0.001589546
inactivated,I231L,-0.019281082
inactivated_with_rna,I231L,0.0883453
multiple_rna,I231L,0.02354435
rna,I231L,-0.03182315
single_vax,I231L,0.0013425117
unknown,I231L,-0.07884126
vax_with_bivalent,I231L,0.025188945
vax_with_rna,I231L,-0.0016455464
Alpha,I326V,0.051991947
Beta,I326V,0.020287244
Delta,I326V,-0.022751112
Epsilon,I326V,-0.10705705
Gamma,I326V,0.002320984
Iota,I326V,-0.012441572
Lambda,I326V,-0.008173584
Mu,I326V,0.030742604
Omicron/BA.1,I326V,0.07912791
Omicron/BA.2,I326V,-0.022185648
Omicron/BA.4+,I326V,0.03524508
Wild Type,I326V,0.12925732
bivalent,I326V,0.03316307
bivalent_with_rna,I326V,-0.0033499054
cocktail,I326V,-0.011852358
double_vax,I326V,0.0042057647
inactivated,I326V,0.01939762
inactivated_with_rna,I326V,-0.075469
multiple_rna,I326V,-0.051616624
rna,I326V,-0.001718442
single_vax,I326V,0.044575308
unknown,I326V,-0.051257525
vax_with_bivalent,I326V,0.087589696
vax_with_rna,I326V,-0.08504508
Alpha,I332V,-0.07556453
Beta,I332V,0.075046524
Delta,I332V,0.05876732
Epsilon,I332V,-0.022523612
Gamma,I332V,0.08257631
Iota,I332V,-0.006381693
Lambda,I332V,-0.07008572
Mu,I332V,0.003737762
Omicron/BA.1,I332V,-0.04547078
Omicron/BA.2,I332V,0.09331172
Omicron/BA.4+,I332V,-0.028092239
Wild Type,I332V,0.03743841
bivalent,I332V,0.0598238
bivalent_with_rna,I332V,0.024817452
cocktail,I332V,0.049794015
double_vax,I332V,-0.03321098
inactivated,I332V,-0.10913022
inactivated_with_rna,I332V,0.044585615
multiple_rna,I332V,-0.008642953
rna,I332V,0.103962176
single_vax,I332V,0.05794532
unknown,I332V,0.008317739
vax_with_bivalent,I332V,0.081989184
vax_with_rna,I332V,0.009800112
Alpha,I402V,-0.013206223
Beta,I402V,-0.015369226
Delta,I402V,-0.023472931
Epsilon,I402V,-0.015844677
Gamma,I402V,-0.05646313
Iota,I402V,-0.011058114
Lambda,I402V,-0.033063628
Mu,I402V,0.093471885
Omicron/BA.1,I402V,0.028414203
Omicron/BA.2,I402V,-0.04561362
Omicron/BA.4+,I402V,0.008842105
Wild Type,I402V,0.036245503
bivalent,I402V,-0.0029629897
bivalent_with_rna,I402V,0.01738142
cocktail,I402V,0.00719348
double_vax,I402V,-0.07911779
inactivated,I402V,-0.047548972
inactivated_with_rna,I402V,0.00255612
multiple_rna,I402V,-0.00074968627
rna,I402V,-0.02481233
single_vax,I402V,0.02495023
unknown,I402V,0.04824919
vax_with_bivalent,I402V,0.086148836
vax_with_rna,I402V,-0.031386055
Alpha,I434L,-0.0050847903
Beta,I434L,-0.058900826
Delta,I434L,-0.056053672
Epsilon,I434L,0.05332552
Gamma,I434L,0.07665816
Iota,I434L,0.0410055
Lambda,I434L,-0.019934747
Mu,I434L,0.021069534
Omicron/BA.1,I434L,0.014249042
Omicron/BA.2,I434L,-0.030128729
Omicron/BA.4+,I434L,0.08959147
Wild Type,I434L,0.058203127
bivalent,I434L,-0.00027813297
bivalent_with_rna,I434L,-0.035537235
cocktail,I434L,-0.004698523
double_vax,I434L,-0.020350147
inactivated,I434L,-0.012037845
inactivated_with_rna,I434L,0.037576973
multiple_rna,I434L,0.06650551
rna,I434L,-0.028747406
single_vax,I434L,0.011016268
unknown,I434L,-0.052240964
vax_with_bivalent,I434L,0.012923304
vax_with_rna,I434L,-0.039422974
Alpha,I472P,-0.059161346
Beta,I472P,0.0018150192
Delta,I472P,0.1300221
Epsilon,I472P,0.04676602
Gamma,I472P,-0.11114924
Iota,I472P,-0.01360232
Lambda,I472P,0.08906849
Mu,I472P,0.0087392405
Omicron/BA.1,I472P,0.10040606
Omicron/BA.2,I472P,-0.034082595
Omicron/BA.4+,I472P,0.04268684
Wild Type,I472P,0.02904387
bivalent,I472P,-0.03660869
bivalent_with_rna,I472P,-0.022353293
cocktail,I472P,0.060523205
double_vax,I472P,-0.048594527
inactivated,I472P,0.09132044
inactivated_with_rna,I472P,0.028146055
multiple_rna,I472P,0.013531555
rna,I472P,-0.02693971
single_vax,I472P,-0.010719952
unknown,I472P,-0.090918414
vax_with_bivalent,I472P,0.0510025
vax_with_rna,I472P,0.045254942
Alpha,I569V,0.01209064
Beta,I569V,-0.0516985
Delta,I569V,-0.0123804575
Epsilon,I569V,0.10083062
Gamma,I569V,-0.076777175
Iota,I569V,-0.08918904
Lambda,I569V,0.048980966
Mu,I569V,-0.006551301
Omicron/BA.1,I569V,-0.03876792
Omicron/BA.2,I569V,-0.028706493
Omicron/BA.4+,I569V,-0.018183054
Wild Type,I569V,-0.040477328
bivalent,I569V,-0.0074751186
bivalent_with_rna,I569V,-0.018812574
cocktail,I569V,0.05563037
double_vax,I569V,0.049646363
inactivated,I569V,-0.036813192
inactivated_with_rna,I569V,-0.009121422
multiple_rna,I569V,0.017642247
rna,I569V,-0.030055389
single_vax,I569V,0.011918142
unknown,I569V,-0.050732736
vax_with_bivalent,I569V,0.029670436
vax_with_rna,I569V,-0.01101377
Alpha,I651V,0.14303482
Beta,I651V,0.015548293
Delta,I651V,-0.032267954
Epsilon,I651V,-0.1020843
Gamma,I651V,0.09300487
Iota,I651V,0.0316002
Lambda,I651V,-0.033369206
Mu,I651V,-0.030850288
Omicron/BA.1,I651V,0.042052303
Omicron/BA.2,I651V,-0.063903354
Omicron/BA.4+,I651V,-0.0471034
Wild Type,I651V,0.02984673
bivalent,I651V,0.117794804
bivalent_with_rna,I651V,-0.012765524
cocktail,I651V,0.04785095
double_vax,I651V,0.041090827
inactivated,I651V,-0.038550843
inactivated_with_rna,I651V,0.05653685
multiple_rna,I651V,-0.10884481
rna,I651V,0.02577446
single_vax,I651V,-0.021332392
unknown,I651V,0.03275742
vax_with_bivalent,I651V,-0.09736955
vax_with_rna,I651V,-0.085999146
Alpha,I666V,-0.07845588
Beta,I666V,0.041477036
Delta,I666V,0.035424214
Epsilon,I666V,-0.04732985
Gamma,I666V,0.004255507
Iota,I666V,0.0083071
Lambda,I666V,0.035702694
Mu,I666V,0.101379566
Omicron/BA.1,I666V,-0.03961356
Omicron/BA.2,I666V,0.13542658
Omicron/BA.4+,I666V,0.04732709
Wild Type,I666V,-0.050637648
bivalent,I666V,0.08113667
bivalent_with_rna,I666V,-0.051827647
cocktail,I666V,0.084478095
double_vax,I666V,-0.0429136
inactivated,I666V,-0.03145331
inactivated_with_rna,I666V,-0.033819128
multiple_rna,I666V,-0.021835933
rna,I666V,0.03874878
single_vax,I666V,0.020139027
unknown,I666V,-0.039176896
vax_with_bivalent,I666V,-0.045895588
vax_with_rna,I666V,-0.059266556
Alpha,I68F,0.030794833
Beta,I68F,-0.0007798122
Delta,I68F,-0.011404328
Epsilon,I68F,0.064538166
Gamma,I68F,0.03711242
Iota,I68F,0.05016273
Lambda,I68F,0.033196397
Mu,I68F,-0.031225428
Omicron/BA.1,I68F,-0.0029309818
Omicron/BA.2,I68F,-0.028501244
Omicron/BA.4+,I68F,0.022513142
Wild Type,I68F,-0.040928032
bivalent,I68F,-0.02234439
bivalent_with_rna,I68F,0.037182134
cocktail,I68F,0.024019666
double_vax,I68F,0.019027265
inactivated,I68F,-0.07449831
inactivated_with_rna,I68F,-0.00754186
multiple_rna,I68F,-0.09319839
rna,I68F,-0.025347248
single_vax,I68F,0.112723246
unknown,I68F,0.042052943
vax_with_bivalent,I68F,0.09312731
vax_with_rna,I68F,-0.05551414
Alpha,I692F,-0.034606144
Beta,I692F,-0.011351148
Delta,I692F,0.013367452
Epsilon,I692F,0.097067825
Gamma,I692F,-0.03652967
Iota,I692F,0.020258596
Lambda,I692F,-0.07169369
Mu,I692F,-0.032585755
Omicron/BA.1,I692F,0.03882717
Omicron/BA.2,I692F,0.049732976
Omicron/BA.4+,I692F,-0.05804325
Wild Type,I692F,-0.001941355
bivalent,I692F,-0.012188287
bivalent_with_rna,I692F,-0.049718063
cocktail,I692F,0.12274746
double_vax,I692F,0.01766553
inactivated,I692F,-0.09765446
inactivated_with_rna,I692F,0.0962171
multiple_rna,I692F,-0.09316512
rna,I692F,0.036189776
single_vax,I692F,0.030445395
unknown,I692F,0.13355629
vax_with_bivalent,I692F,-0.11866198
vax_with_rna,I692F,0.028412446
Alpha,I692V,0.07757631
Beta,I692V,-0.06036628
Delta,I692V,0.006222235
Epsilon,I692V,-0.05138265
Gamma,I692V,0.06520831
Iota,I692V,-0.06064544
Lambda,I692V,-0.044842266
Mu,I692V,0.028809361
Omicron/BA.1,I692V,0.028981466
Omicron/BA.2,I692V,0.021969462
Omicron/BA.4+,I692V,-0.0319787
Wild Type,I692V,0.1032409
bivalent,I692V,-0.11762156
bivalent_with_rna,I692V,0.020895869
cocktail,I692V,0.09828512
double_vax,I692V,-0.055038463
inactivated,I692V,-0.033893507
inactivated_with_rna,I692V,0.026111968
multiple_rna,I692V,-0.013618044
rna,I692V,-0.055804845
single_vax,I692V,-0.07454941
unknown,I692V,0.053042084
vax_with_bivalent,I692V,-0.0049569886
vax_with_rna,I692V,-0.025870569
Alpha,I693V,0.10082578
Beta,I693V,-0.05838842
Delta,I693V,0.0043979236
Epsilon,I693V,-0.006045767
Gamma,I693V,-0.110991806
Iota,I693V,-0.017387822
Lambda,I693V,-0.001205815
Mu,I693V,0.047283914
Omicron/BA.1,I693V,-0.02402704
Omicron/BA.2,I693V,0.0071928203
Omicron/BA.4+,I693V,-0.092693135
Wild Type,I693V,0.01643139
bivalent,I693V,-0.12222936
bivalent_with_rna,I693V,-0.06642893
cocktail,I693V,-0.024637736
double_vax,I693V,0.032883003
inactivated,I693V,-0.019209657
inactivated_with_rna,I693V,0.18592907
multiple_rna,I693V,0.12367346
rna,I693V,-0.03596086
single_vax,I693V,0.02111627
unknown,I693V,0.024854612
vax_with_bivalent,I693V,-0.0024797283
vax_with_rna,I693V,-0.04263718
Alpha,I726V,-0.006198736
Beta,I726V,0.04497844
Delta,I726V,-0.0092181
Epsilon,I726V,0.022890072
Gamma,I726V,0.0004112264
Iota,I726V,-0.020072049
Lambda,I726V,0.06835334
Mu,I726V,-0.068504326
Omicron/BA.1,I726V,-0.02439138
Omicron/BA.2,I726V,-0.098751724
Omicron/BA.4+,I726V,-0.0048800446
Wild Type,I726V,0.02600256
bivalent,I726V,0.0067225285
bivalent_with_rna,I726V,-0.055780992
cocktail,I726V,0.091183424
double_vax,I726V,-0.02460266
inactivated,I726V,0.041574847
inactivated_with_rna,I726V,0.032247074
multiple_rna,I726V,0.05416449
rna,I726V,-0.03714094
single_vax,I726V,0.013656303
unknown,I726V,0.005473487
vax_with_bivalent,I726V,0.034073777
vax_with_rna,I726V,-0.00073426985
Alpha,I788M,0.09717333
Beta,I788M,-0.063135214
Delta,I788M,0.13205023
Epsilon,I788M,0.02340354
Gamma,I788M,-0.04673926
Iota,I788M,-0.022951059
Lambda,I788M,0.04799118
Mu,I788M,0.011190837
Omicron/BA.1,I788M,-0.0003451819
Omicron/BA.2,I788M,-0.01767641
Omicron/BA.4+,I788M,-0.10987068
Wild Type,I788M,-0.23006068
bivalent,I788M,-0.04982181
bivalent_with_rna,I788M,-0.04914004
cocktail,I788M,-0.025309518
double_vax,I788M,0.04257733
inactivated,I788M,0.107955195
inactivated_with_rna,I788M,-0.065860525
multiple_rna,I788M,-0.0006404277
rna,I788M,-0.026428897
single_vax,I788M,0.02402409
unknown,I788M,0.05956568
vax_with_bivalent,I788M,0.088889964
vax_with_rna,I788M,0.063615926
Alpha,I794L,0.116668224
Beta,I794L,0.032274455
Delta,I794L,-0.020958241
Epsilon,I794L,-0.06798273
Gamma,I794L,-0.1321215
Iota,I794L,-0.014503922
Lambda,I794L,-0.090113506
Mu,I794L,0.10583535
Omicron/BA.1,I794L,-0.022763114
Omicron/BA.2,I794L,0.103922926
Omicron/BA.4+,I794L,-0.08228117
Wild Type,I794L,-0.038576193
bivalent,I794L,-0.0029813605
bivalent_with_rna,I794L,0.0013935502
cocktail,I794L,-0.010412076
double_vax,I794L,0.06594815
inactivated,I794L,-0.12138344
inactivated_with_rna,I794L,0.077506065
multiple_rna,I794L,0.06358658
rna,I794L,-0.012811137
single_vax,I794L,0.0037683444
unknown,I794L,-0.011318792
vax_with_bivalent,I794L,-0.06542002
vax_with_rna,I794L,0.12915166
Alpha,I834M,-0.0010359297
Beta,I834M,-0.0043177456
Delta,I834M,-0.03848027
Epsilon,I834M,0.048998587
Gamma,I834M,0.022757806
Iota,I834M,0.028159825
Lambda,I834M,-0.10986263
Mu,I834M,0.1024547
Omicron/BA.1,I834M,0.038319845
Omicron/BA.2,I834M,-0.026515845
Omicron/BA.4+,I834M,-0.088629514
Wild Type,I834M,0.060044855
bivalent,I834M,-0.0107072
bivalent_with_rna,I834M,-0.0014822374
cocktail,I834M,0.03301703
double_vax,I834M,0.030503014
inactivated,I834M,-0.08110555
inactivated_with_rna,I834M,0.0354176
multiple_rna,I834M,0.012640525
rna,I834M,-0.034864515
single_vax,I834M,0.008442424
unknown,I834M,-0.072959006
vax_with_bivalent,I834M,-0.07349298
vax_with_rna,I834M,-0.0037297558
Alpha,I870V,0.0111792935
Beta,I870V,-0.01992723
Delta,I870V,-0.08012187
Epsilon,I870V,0.05556131
Gamma,I870V,-0.032443173
Iota,I870V,-0.015413166
Lambda,I870V,-0.0072915317
Mu,I870V,-0.052284796
Omicron/BA.1,I870V,0.042369932
Omicron/BA.2,I870V,0.0037692422
Omicron/BA.4+,I870V,-0.06933399
Wild Type,I870V,0.0062622903
bivalent,I870V,0.016932854
bivalent_with_rna,I870V,0.091829084
cocktail,I870V,-0.04552809
double_vax,I870V,-0.119977295
inactivated,I870V,0.026124269
inactivated_with_rna,I870V,0.00041682483
multiple_rna,I870V,0.16862388
rna,I870V,0.013695559
single_vax,I870V,-0.036590554
unknown,I870V,-0.014051283
vax_with_bivalent,I870V,-0.0013956864
vax_with_rna,I870V,0.031170582
Alpha,I882A,-0.075858
Beta,I882A,0.04910886
Delta,I882A,0.001091439
Epsilon,I882A,0.020257086
Gamma,I882A,0.011867138
Iota,I882A,-0.10678453
Lambda,I882A,0.13467817
Mu,I882A,0.038172625
Omicron/BA.1,I882A,-0.03502121
Omicron/BA.2,I882A,0.006712642
Omicron/BA.4+,I882A,0.012286446
Wild Type,I882A,-0.029948676
bivalent,I882A,0.10733795
bivalent_with_rna,I882A,-0.008897893
cocktail,I882A,0.05232574
double_vax,I882A,0.0791805
inactivated,I882A,0.029557684
inactivated_with_rna,I882A,-0.01564156
multiple_rna,I882A,-0.02073496
rna,I882A,-0.0073546255
single_vax,I882A,0.012455687
unknown,I882A,0.021644495
vax_with_bivalent,I882A,-0.068822004
vax_with_rna,I882A,0.0751027
Alpha,K1073R,-0.036787555
Beta,K1073R,0.03582731
Delta,K1073R,0.013374334
Epsilon,K1073R,-0.033317927
Gamma,K1073R,-0.037333246
Iota,K1073R,0.04134146
Lambda,K1073R,0.06719865
Mu,K1073R,0.11341846
Omicron/BA.1,K1073R,-0.05952628
Omicron/BA.2,K1073R,0.077733375
Omicron/BA.4+,K1073R,0.0029013231
Wild Type,K1073R,-0.053373743
bivalent,K1073R,0.006451358
bivalent_with_rna,K1073R,0.0028382733
cocktail,K1073R,0.07053646
double_vax,K1073R,-0.04158479
inactivated,K1073R,0.03424276
inactivated_with_rna,K1073R,-0.0012213541
multiple_rna,K1073R,0.038166627
rna,K1073R,-0.022238731
single_vax,K1073R,-0.026241891
unknown,K1073R,0.05708345
vax_with_bivalent,K1073R,-0.015900917
vax_with_rna,K1073R,-0.035194412
Alpha,K113R,-0.021180829
Beta,K113R,-0.1271256
Delta,K113R,0.022258762
Epsilon,K113R,-0.036878794
Gamma,K113R,-0.041811142
Iota,K113R,0.06501192
Lambda,K113R,-0.015701097
Mu,K113R,-0.07706744
Omicron/BA.1,K113R,-0.055800203
Omicron/BA.2,K113R,-0.018249441
Omicron/BA.4+,K113R,-0.041610505
Wild Type,K113R,-0.08336494
bivalent,K113R,-0.06906219
bivalent_with_rna,K113R,-0.00974098
cocktail,K113R,0.16796845
double_vax,K113R,0.014449475
inactivated,K113R,-0.11639506
inactivated_with_rna,K113R,0.042799514
multiple_rna,K113R,0.016470797
rna,K113R,0.038056538
single_vax,K113R,-0.06290226
unknown,K113R,0.02212567
vax_with_bivalent,K113R,0.09072286
vax_with_rna,K113R,0.1454835
Alpha,K113T,0.05843246
Beta,K113T,-0.053627983
Delta,K113T,0.062338922
Epsilon,K113T,-0.025247008
Gamma,K113T,0.036610477
Iota,K113T,0.035456076
Lambda,K113T,-0.008213842
Mu,K113T,0.0027401084
Omicron/BA.1,K113T,-0.0037327544
Omicron/BA.2,K113T,-0.03670913
Omicron/BA.4+,K113T,-0.052685108
Wild Type,K113T,-0.106025934
bivalent,K113T,-0.044546045
bivalent_with_rna,K113T,0.13675515
cocktail,K113T,0.08272104
double_vax,K113T,-0.1325561
inactivated,K113T,0.0036792932
inactivated_with_rna,K113T,-0.054902047
multiple_rna,K113T,0.09158152
rna,K113T,-0.01537724
single_vax,K113T,0.03158573
unknown,K113T,-0.093639284
vax_with_bivalent,K113T,-0.10732911
vax_with_rna,K113T,-0.032047153
Alpha,K129R,-0.0757026
Beta,K129R,-0.07979295
Delta,K129R,-0.024486778
Epsilon,K129R,0.084676154
Gamma,K129R,-0.0041487496
Iota,K129R,-0.0032552853
Lambda,K129R,0.110473454
Mu,K129R,-0.058829866
Omicron/BA.1,K129R,-0.09367236
Omicron/BA.2,K129R,0.07525999
Omicron/BA.4+,K129R,-0.036938436
Wild Type,K129R,-0.11891631
bivalent,K129R,0.018498927
bivalent_with_rna,K129R,0.01634432
cocktail,K129R,0.04908203
double_vax,K129R,0.012903818
inactivated,K129R,0.010139937
inactivated_with_rna,K129R,-0.065146506
multiple_rna,K129R,0.006910734
rna,K129R,-0.021581754
single_vax,K129R,0.0029160762
unknown,K129R,0.083751164
vax_with_bivalent,K129R,-0.043682225
vax_with_rna,K129R,0.073720045
Alpha,K147E,0.15445052
Beta,K147E,0.02403173
Delta,K147E,-0.021650475
Epsilon,K147E,-0.095854945
Gamma,K147E,0.0015164679
Iota,K147E,-0.025423467
Lambda,K147E,0.02839156
Mu,K147E,-0.007501754
Omicron/BA.1,K147E,-0.039037973
Omicron/BA.2,K147E,-0.023273705
Omicron/BA.4+,K147E,0.08113155
Wild Type,K147E,0.010009825
bivalent,K147E,-0.031582315
bivalent_with_rna,K147E,-0.0017404519
cocktail,K147E,0.04018064
double_vax,K147E,0.027101114
inactivated,K147E,-0.021230765
inactivated_with_rna,K147E,0.034862634
multiple_rna,K147E,-0.029819474
rna,K147E,-0.014472818
single_vax,K147E,0.07237315
unknown,K147E,0.040428147
vax_with_bivalent,K147E,-0.06534784
vax_with_rna,K147E,0.011739452
Alpha,K147N,0.07017609
Beta,K147N,0.0034488493
Delta,K147N,-0.091530286
Epsilon,K147N,0.0649947
Gamma,K147N,-0.13442284
Iota,K147N,0.008245256
Lambda,K147N,0.12572563
Mu,K147N,-0.016321834
Omicron/BA.1,K147N,-0.038074818
Omicron/BA.2,K147N,0.048310615
Omicron/BA.4+,K147N,-0.0045160325
Wild Type,K147N,-0.06838673
bivalent,K147N,-0.04604015
bivalent_with_rna,K147N,0.043554284
cocktail,K147N,-0.038267467
double_vax,K147N,0.08723157
inactivated,K147N,-0.048659157
inactivated_with_rna,K147N,-0.11657861
multiple_rna,K147N,-0.08722706
rna,K147N,0.010856975
single_vax,K147N,0.010357712
unknown,K147N,0.031795397
vax_with_bivalent,K147N,0.14725924
vax_with_rna,K147N,-0.08099372
Alpha,K187D,-0.015666254
Beta,K187D,0.069637395
Delta,K187D,-0.07954727
Epsilon,K187D,-0.076528735
Gamma,K187D,0.025033437
Iota,K187D,0.0727087
Lambda,K187D,-0.04699959
Mu,K187D,-0.0756761
Omicron/BA.1,K187D,0.111649275
Omicron/BA.2,K187D,-0.04489438
Omicron/BA.4+,K187D,0.047123034
Wild Type,K187D,-0.12665741
bivalent,K187D,-0.05812953
bivalent_with_rna,K187D,-0.10066931
cocktail,K187D,-0.0066141468
double_vax,K187D,-0.10155542
inactivated,K187D,0.021854516
inactivated_with_rna,K187D,-0.0050941575
multiple_rna,K187D,0.13282925
rna,K187D,-0.024797203
single_vax,K187D,-0.06381872
unknown,K187D,0.033070102
vax_with_bivalent,K187D,0.11301655
vax_with_rna,K187D,0.066872634
Alpha,K195R,0.0051999553
Beta,K195R,-0.028532833
Delta,K195R,0.10059492
Epsilon,K195R,0.005571368
Gamma,K195R,-0.11221824
Iota,K195R,-0.08273307
Lambda,K195R,0.09672566
Mu,K195R,-0.041126024
Omicron/BA.1,K195R,-0.057670806
Omicron/BA.2,K195R,-0.027698625
Omicron/BA.4+,K195R,-0.0782951
Wild Type,K195R,0.00019575842
bivalent,K195R,-0.012485671
bivalent_with_rna,K195R,0.048226334
cocktail,K195R,0.003397949
double_vax,K195R,0.12191357
inactivated,K195R,0.024478711
inactivated_with_rna,K195R,-0.0140168965
multiple_rna,K195R,-0.022667678
rna,K195R,-0.03494894
single_vax,K195R,-0.005597284
unknown,K195R,-0.062149186
vax_with_bivalent,K195R,-0.036871843
vax_with_rna,K195R,-0.025458533
Alpha,K202H,0.031784844
Beta,K202H,-0.015150662
Delta,K202H,-0.05063644
Epsilon,K202H,0.040345162
Gamma,K202H,-0.09654428
Iota,K202H,0.021998212
Lambda,K202H,0.04378105
Mu,K202H,-0.0017113672
Omicron/BA.1,K202H,0.15013288
Omicron/BA.2,K202H,-0.05078768
Omicron/BA.4+,K202H,0.039630618
Wild Type,K202H,-0.11461979
bivalent,K202H,0.05434409
bivalent_with_rna,K202H,-0.04252872
cocktail,K202H,-0.013831422
double_vax,K202H,-0.033585567
inactivated,K202H,-0.00782106
inactivated_with_rna,K202H,-0.006516814
multiple_rna,K202H,0.04701788
rna,K202H,-0.084750794
single_vax,K202H,0.0028529917
unknown,K202H,-0.017022781
vax_with_bivalent,K202H,0.029671345
vax_with_rna,K202H,-0.023216045
Alpha,K202Y,-0.0022473708
Beta,K202Y,-0.028499302
Delta,K202Y,0.0305102
Epsilon,K202Y,-0.019692361
Gamma,K202Y,0.14497125
Iota,K202Y,-0.036233522
Lambda,K202Y,0.038301043
Mu,K202Y,0.05698464
Omicron/BA.1,K202Y,0.002782425
Omicron/BA.2,K202Y,-0.021175683
Omicron/BA.4+,K202Y,-0.046181846
Wild Type,K202Y,0.0798867
bivalent,K202Y,0.061643526
bivalent_with_rna,K202Y,-0.02716013
cocktail,K202Y,-0.05750275
double_vax,K202Y,-0.032936357
inactivated,K202Y,-0.0031039394
inactivated_with_rna,K202Y,-0.03248234
multiple_rna,K202Y,0.12848538
rna,K202Y,-0.023221908
single_vax,K202Y,0.0010596039
unknown,K202Y,0.028773895
vax_with_bivalent,K202Y,0.16081677
vax_with_rna,K202Y,-0.030306406
Alpha,K206G,0.09186318
Beta,K206G,0.050306156
Delta,K206G,-0.0034138318
Epsilon,K206G,-0.0020928425
Gamma,K206G,0.07513338
Iota,K206G,0.028745253
Lambda,K206G,0.06586754
Mu,K206G,-0.046981037
Omicron/BA.1,K206G,0.023912478
Omicron/BA.2,K206G,0.056169406
Omicron/BA.4+,K206G,-0.04589968
Wild Type,K206G,0.07707387
bivalent,K206G,0.10512805
bivalent_with_rna,K206G,-0.10456459
cocktail,K206G,0.06491859
double_vax,K206G,0.018051157
inactivated,K206G,-0.023333158
inactivated_with_rna,K206G,0.094892845
multiple_rna,K206G,0.08392565
rna,K206G,-0.03156278
single_vax,K206G,0.022022711
unknown,K206G,0.085312955
vax_with_bivalent,K206G,-0.0010736049
vax_with_rna,K206G,-0.0740579
Alpha,K278N,-0.0012264708
Beta,K278N,0.049447406
Delta,K278N,0.0022079651
Epsilon,K278N,0.06542167
Gamma,K278N,0.057375897
Iota,K278N,-0.051271807
Lambda,K278N,0.02189594
Mu,K278N,-0.11525134
Omicron/BA.1,K278N,-0.0150747085
Omicron/BA.2,K278N,-0.06437381
Omicron/BA.4+,K278N,-0.052447923
Wild Type,K278N,0.10331667
bivalent,K278N,-0.060268745
bivalent_with_rna,K278N,-0.027619198
cocktail,K278N,-0.08406777
double_vax,K278N,0.11441853
inactivated,K278N,0.021908917
inactivated_with_rna,K278N,-0.12708439
multiple_rna,K278N,-0.078470916
rna,K278N,0.006814547
single_vax,K278N,0.041010424
unknown,K278N,0.0065927543
vax_with_bivalent,K278N,0.04016172
vax_with_rna,K278N,0.0403396
Alpha,K278S,0.10490405
Beta,K278S,0.02039543
Delta,K278S,0.0593525
Epsilon,K278S,0.019661201
Gamma,K278S,-0.0012210421
Iota,K278S,0.014628819
Lambda,K278S,0.1002791
Mu,K278S,-0.009076838
Omicron/BA.1,K278S,0.08759193
Omicron/BA.2,K278S,-0.08809277
Omicron/BA.4+,K278S,0.026073264
Wild Type,K278S,0.06290741
bivalent,K278S,0.05475679
bivalent_with_rna,K278S,-0.04493377
cocktail,K278S,0.06212495
double_vax,K278S,0.017225485
inactivated,K278S,0.022028852
inactivated_with_rna,K278S,-0.043464597
multiple_rna,K278S,-0.022617558
rna,K278S,0.024168726
single_vax,K278S,-0.02453133
unknown,K278S,0.002843257
vax_with_bivalent,K278S,-0.09016824
vax_with_rna,K278S,-0.027193999
Alpha,K356R,0.058603097
Beta,K356R,-0.1393129
Delta,K356R,0.05731602
Epsilon,K356R,-0.047556445
Gamma,K356R,0.032873355
Iota,K356R,-0.07469231
Lambda,K356R,0.0075470665
Mu,K356R,0.049397133
Omicron/BA.1,K356R,-0.03766021
Omicron/BA.2,K356R,-0.013671709
Omicron/BA.4+,K356R,-0.0071313954
Wild Type,K356R,-0.041181218
bivalent,K356R,-0.016964162
bivalent_with_rna,K356R,-0.029563723
cocktail,K356R,-0.005704955
double_vax,K356R,0.10149568
inactivated,K356R,-0.007358739
inactivated_with_rna,K356R,-0.058001228
multiple_rna,K356R,0.0556368
rna,K356R,-0.09809201
single_vax,K356R,0.116893776
unknown,K356R,0.04024335
vax_with_bivalent,K356R,0.04217775
vax_with_rna,K356R,0.0018341467
Alpha,K356T,-0.08384222
Beta,K356T,0.057852913
Delta,K356T,0.17630544
Epsilon,K356T,0.14850143
Gamma,K356T,9.774137e-05
Iota,K356T,0.07820699
Lambda,K356T,-0.05097407
Mu,K356T,0.094519764
Omicron/BA.1,K356T,-0.033884797
Omicron/BA.2,K356T,-0.010956514
Omicron/BA.4+,K356T,0.019343562
Wild Type,K356T,0.04908993
bivalent,K356T,0.027008742
bivalent_with_rna,K356T,-0.014288932
cocktail,K356T,0.01392167
double_vax,K356T,0.10338919
inactivated,K356T,0.040172152
inactivated_with_rna,K356T,0.14844568
multiple_rna,K356T,0.016893864
rna,K356T,0.054526858
single_vax,K356T,0.059011374
unknown,K356T,-0.009716829
vax_with_bivalent,K356T,0.019498304
vax_with_rna,K356T,0.04258902
Alpha,K417K,-0.06984986
Beta,K417K,0.14524299
Delta,K417K,-0.011031327
Epsilon,K417K,-0.06715244
Gamma,K417K,0.04556188
Iota,K417K,-0.009172814
Lambda,K417K,0.03179528
Mu,K417K,-0.06037999
Omicron/BA.1,K417K,-0.005438062
Omicron/BA.2,K417K,0.04279796
Omicron/BA.4+,K417K,0.012094756
Wild Type,K417K,-0.052016675
bivalent,K417K,0.08002202
bivalent_with_rna,K417K,-0.088739745
cocktail,K417K,0.118063
double_vax,K417K,0.040205866
inactivated,K417K,0.036950033
inactivated_with_rna,K417K,0.0249659
multiple_rna,K417K,0.072334446
rna,K417K,-0.0012675552
single_vax,K417K,0.06538484
unknown,K417K,0.05248006
vax_with_bivalent,K417K,-0.03186575
vax_with_rna,K417K,0.0762241
Alpha,K417N,0.063746996
Beta,K417N,0.05261159
Delta,K417N,0.063770644
Epsilon,K417N,0.021561757
Gamma,K417N,0.005112651
Iota,K417N,-0.03627094
Lambda,K417N,0.05180485
Mu,K417N,-0.01672143
Omicron/BA.1,K417N,0.0014062528
Omicron/BA.2,K417N,-0.047807366
Omicron/BA.4+,K417N,-0.020854719
Wild Type,K417N,0.016739538
bivalent,K417N,0.011245612
bivalent_with_rna,K417N,0.02219034
cocktail,K417N,-0.027670383
double_vax,K417N,0.021234902
inactivated,K417N,0.010085385
inactivated_with_rna,K417N,0.033427067
multiple_rna,K417N,0.04901615
rna,K417N,0.0143591035
single_vax,K417N,0.030158998
unknown,K417N,0.012534771
vax_with_bivalent,K417N,0.012025701
vax_with_rna,K417N,0.042306215
Alpha,K417R,0.03433106
Beta,K417R,0.07133695
Delta,K417R,0.010440762
Epsilon,K417R,-0.03533566
Gamma,K417R,0.005336024
Iota,K417R,-0.069599055
Lambda,K417R,-0.004322589
Mu,K417R,-0.045360602
Omicron/BA.1,K417R,0.06062363
Omicron/BA.2,K417R,0.099626526
Omicron/BA.4+,K417R,0.065326
Wild Type,K417R,0.11767856
bivalent,K417R,0.033890534
bivalent_with_rna,K417R,-0.023209564
cocktail,K417R,-0.021789147
double_vax,K417R,0.064846285
inactivated,K417R,-0.0068001393
inactivated_with_rna,K417R,-0.06565948
multiple_rna,K417R,-0.066643834
rna,K417R,0.034339238
single_vax,K417R,-0.08525623
unknown,K417R,0.016677117
vax_with_bivalent,K417R,0.14824137
vax_with_rna,K417R,0.01960861
Alpha,K417T,0.018356528
Beta,K417T,-0.009484929
Delta,K417T,-0.07780187
Epsilon,K417T,0.0724718
Gamma,K417T,-0.08943753
Iota,K417T,-0.07196045
Lambda,K417T,-0.010180302
Mu,K417T,0.0031714044
Omicron/BA.1,K417T,-0.025314553
Omicron/BA.2,K417T,-0.04741607
Omicron/BA.4+,K417T,-0.00899264
Wild Type,K417T,-0.024415042
bivalent,K417T,-0.06788355
bivalent_with_rna,K417T,0.06060157
cocktail,K417T,-0.070344105
double_vax,K417T,0.034297857
inactivated,K417T,0.012242276
inactivated_with_rna,K417T,-0.031791735
multiple_rna,K417T,-0.022785306
rna,K417T,-0.044593588
single_vax,K417T,0.036943674
unknown,K417T,0.012992638
vax_with_bivalent,K417T,-0.004566988
vax_with_rna,K417T,0.061222054
Alpha,K417V,-0.06735216
Beta,K417V,-0.05868794
Delta,K417V,-0.08488088
Epsilon,K417V,0.056720868
Gamma,K417V,-0.090963826
Iota,K417V,-0.050987046
Lambda,K417V,0.02609069
Mu,K417V,-0.097640045
Omicron/BA.1,K417V,0.010778972
Omicron/BA.2,K417V,-0.056651756
Omicron/BA.4+,K417V,0.010552516
Wild Type,K417V,-0.08773932
bivalent,K417V,0.027634019
bivalent_with_rna,K417V,0.020212237
cocktail,K417V,-0.03516517
double_vax,K417V,0.023000875
inactivated,K417V,0.045310203
inactivated_with_rna,K417V,0.05284129
multiple_rna,K417V,0.037222087
rna,K417V,-0.02914602
single_vax,K417V,0.015367704
unknown,K417V,0.04400839
vax_with_bivalent,K417V,-0.049047112
vax_with_rna,K417V,0.046246454
Alpha,K41D,-0.16245382
Beta,K41D,0.10402209
Delta,K41D,-0.030287063
Epsilon,K41D,-0.14363824
Gamma,K41D,-0.0073472536
Iota,K41D,0.06805403
Lambda,K41D,0.06219328
Mu,K41D,0.0058622845
Omicron/BA.1,K41D,0.0053894753
Omicron/BA.2,K41D,0.16566591
Omicron/BA.4+,K41D,0.03509159
Wild Type,K41D,0.011648035
bivalent,K41D,-0.0008046562
bivalent_with_rna,K41D,0.10835
cocktail,K41D,-0.072426625
double_vax,K41D,0.05539889
inactivated,K41D,-0.09242816
inactivated_with_rna,K41D,-0.10405123
multiple_rna,K41D,-0.01315192
rna,K41D,-0.12849835
single_vax,K41D,0.01670624
unknown,K41D,0.06747887
vax_with_bivalent,K41D,-0.03935889
vax_with_rna,K41D,0.015803229
Alpha,K41E,0.06486473
Beta,K41E,0.16501923
Delta,K41E,0.012145661
Epsilon,K41E,0.025163904
Gamma,K41E,0.07296312
Iota,K41E,0.0060129743
Lambda,K41E,-0.09939325
Mu,K41E,-0.18316461
Omicron/BA.1,K41E,-0.060325716
Omicron/BA.2,K41E,0.0036202762
Omicron/BA.4+,K41E,-0.01625382
Wild Type,K41E,-0.0019812053
bivalent,K41E,0.019753598
bivalent_with_rna,K41E,0.0050632404
cocktail,K41E,0.013128992
double_vax,K41E,-0.01578679
inactivated,K41E,-0.013614817
inactivated_with_rna,K41E,0.039779775
multiple_rna,K41E,0.029205685
rna,K41E,-0.020513993
single_vax,K41E,0.031549092
unknown,K41E,-0.04368172
vax_with_bivalent,K41E,0.07686529
vax_with_rna,K41E,-0.014908856
Alpha,K444L,0.02214449
Beta,K444L,-0.022743318
Delta,K444L,0.026337482
Epsilon,K444L,0.0116193555
Gamma,K444L,-0.10383755
Iota,K444L,-0.03886824
Lambda,K444L,-0.05063362
Mu,K444L,0.022447163
Omicron/BA.1,K444L,-0.029138267
Omicron/BA.2,K444L,-0.03287407
Omicron/BA.4+,K444L,0.036700644
Wild Type,K444L,0.0111732725
bivalent,K444L,-0.09245844
bivalent_with_rna,K444L,-0.046956107
cocktail,K444L,-0.07456284
double_vax,K444L,0.039118588
inactivated,K444L,0.0023097098
inactivated_with_rna,K444L,-0.039355762
multiple_rna,K444L,0.084902346
rna,K444L,0.014142057
single_vax,K444L,-0.11354923
unknown,K444L,0.014083822
vax_with_bivalent,K444L,0.0042265765
vax_with_rna,K444L,-0.12756778
Alpha,K444M,0.06035809
Beta,K444M,0.08504798
Delta,K444M,-0.044474684
Epsilon,K444M,0.08725779
Gamma,K444M,0.034904156
Iota,K444M,0.07591753
Lambda,K444M,0.13182536
Mu,K444M,0.004337458
Omicron/BA.1,K444M,0.045268487
Omicron/BA.2,K444M,0.116055004
Omicron/BA.4+,K444M,-0.010853838
Wild Type,K444M,-0.015168968
bivalent,K444M,-0.025220696
bivalent_with_rna,K444M,0.018102944
cocktail,K444M,0.02388297
double_vax,K444M,0.011186015
inactivated,K444M,-0.0885211
inactivated_with_rna,K444M,0.099381626
multiple_rna,K444M,-0.05878229
rna,K444M,0.030883845
single_vax,K444M,0.11036472
unknown,K444M,0.015867576
vax_with_bivalent,K444M,0.0020828769
vax_with_rna,K444M,0.07778088
Alpha,K444N,-0.010103725
Beta,K444N,0.030878948
Delta,K444N,-0.041497342
Epsilon,K444N,0.08342446
Gamma,K444N,-0.024246618
Iota,K444N,-0.01785146
Lambda,K444N,0.08870294
Mu,K444N,0.014266452
Omicron/BA.1,K444N,0.07163897
Omicron/BA.2,K444N,0.04307371
Omicron/BA.4+,K444N,0.035855424
Wild Type,K444N,0.10873457
bivalent,K444N,-0.033297934
bivalent_with_rna,K444N,0.12209711
cocktail,K444N,0.016425082
double_vax,K444N,-0.0064230133
inactivated,K444N,0.067932665
inactivated_with_rna,K444N,0.024737936
multiple_rna,K444N,0.027854785
rna,K444N,-0.0012973398
single_vax,K444N,0.056363016
unknown,K444N,-0.024155945
vax_with_bivalent,K444N,0.003036418
vax_with_rna,K444N,-0.10191293
Alpha,K444R,0.019924445
Beta,K444R,-0.049980655
Delta,K444R,-0.0008454826
Epsilon,K444R,0.08491478
Gamma,K444R,-0.01953628
Iota,K444R,-0.019269593
Lambda,K444R,0.076475084
Mu,K444R,0.021351747
Omicron/BA.1,K444R,0.037807878
Omicron/BA.2,K444R,0.037338577
Omicron/BA.4+,K444R,-0.031347215
Wild Type,K444R,0.0353915
bivalent,K444R,0.004803256
bivalent_with_rna,K444R,0.048573144
cocktail,K444R,0.03720248
double_vax,K444R,-0.08706475
inactivated,K444R,-0.026717756
inactivated_with_rna,K444R,-0.040675256
multiple_rna,K444R,0.14668566
rna,K444R,-0.032825485
single_vax,K444R,0.08945895
unknown,K444R,0.030487021
vax_with_bivalent,K444R,0.01776481
vax_with_rna,K444R,0.0052794204
Alpha,K444T,0.0057658004
Beta,K444T,0.18548928
Delta,K444T,0.08233009
Epsilon,K444T,0.1111473
Gamma,K444T,0.042877562
Iota,K444T,0.11140169
Lambda,K444T,0.0723007
Mu,K444T,0.1453247
Omicron/BA.1,K444T,-0.018446766
Omicron/BA.2,K444T,0.21043918
Omicron/BA.4+,K444T,0.0068952464
Wild Type,K444T,0.1441538
bivalent,K444T,0.11826876
bivalent_with_rna,K444T,0.10129677
cocktail,K444T,0.03527107
double_vax,K444T,0.12344612
inactivated,K444T,0.045710683
inactivated_with_rna,K444T,0.09635905
multiple_rna,K444T,0.1352839
rna,K444T,0.16673994
single_vax,K444T,0.086331144
unknown,K444T,0.08960855
vax_with_bivalent,K444T,0.09142175
vax_with_rna,K444T,0.08107552
Alpha,K458H,-0.08004435
Beta,K458H,0.0036309697
Delta,K458H,-0.0077313446
Epsilon,K458H,-0.048425283
Gamma,K458H,-0.15218954
Iota,K458H,0.010481989
Lambda,K458H,-0.0765643
Mu,K458H,0.037662968
Omicron/BA.1,K458H,0.033944916
Omicron/BA.2,K458H,-0.04693174
Omicron/BA.4+,K458H,0.043954343
Wild Type,K458H,-0.02774733
bivalent,K458H,-0.02685183
bivalent_with_rna,K458H,0.016111095
cocktail,K458H,-0.057371877
double_vax,K458H,0.0067180367
inactivated,K458H,0.0323417
inactivated_with_rna,K458H,-0.03777828
multiple_rna,K458H,0.14758562
rna,K458H,-0.03374671
single_vax,K458H,0.024229098
unknown,K458H,-0.049740776
vax_with_bivalent,K458H,0.018023351
vax_with_rna,K458H,-0.019423278
Alpha,K462R,0.029866712
Beta,K462R,-0.0057214824
Delta,K462R,0.0061400044
Epsilon,K462R,-0.055999897
Gamma,K462R,0.009799471
Iota,K462R,-0.07805308
Lambda,K462R,0.013684731
Mu,K462R,0.00080345105
Omicron/BA.1,K462R,0.023021767
Omicron/BA.2,K462R,-0.057811923
Omicron/BA.4+,K462R,-0.020594802
Wild Type,K462R,0.030698895
bivalent,K462R,-0.035225824
bivalent_with_rna,K462R,-0.016059171
cocktail,K462R,-0.09582792
double_vax,K462R,0.008336069
inactivated,K462R,0.005867349
inactivated_with_rna,K462R,0.011625114
multiple_rna,K462R,0.054096557
rna,K462R,-0.011014227
single_vax,K462R,0.017045986
unknown,K462R,-0.044463012
vax_with_bivalent,K462R,0.028329894
vax_with_rna,K462R,-0.100767046
Alpha,K529L,0.005151846
Beta,K529L,-0.016969873
Delta,K529L,0.027880315
Epsilon,K529L,0.06156473
Gamma,K529L,-0.013891485
Iota,K529L,0.11018608
Lambda,K529L,-0.07142231
Mu,K529L,-0.0009615761
Omicron/BA.1,K529L,0.0076544425
Omicron/BA.2,K529L,0.013366032
Omicron/BA.4+,K529L,0.019075958
Wild Type,K529L,0.0942066
bivalent,K529L,-0.02410458
bivalent_with_rna,K529L,-0.045048952
cocktail,K529L,-0.02063478
double_vax,K529L,0.016253889
inactivated,K529L,-0.03161404
inactivated_with_rna,K529L,0.053306997
multiple_rna,K529L,-0.02245355
rna,K529L,-0.0301895
single_vax,K529L,0.012730787
unknown,K529L,0.059499037
vax_with_bivalent,K529L,-0.011242466
vax_with_rna,K529L,0.039677225
Alpha,K529Q,-0.026639758
Beta,K529Q,-0.026961086
Delta,K529Q,-0.06224888
Epsilon,K529Q,0.00039273314
Gamma,K529Q,-0.08719982
Iota,K529Q,-0.05427169
Lambda,K529Q,0.026900921
Mu,K529Q,0.031310957
Omicron/BA.1,K529Q,0.098396964
Omicron/BA.2,K529Q,0.08408234
Omicron/BA.4+,K529Q,-0.030425385
Wild Type,K529Q,-0.07561987
bivalent,K529Q,0.034745026
bivalent_with_rna,K529Q,-0.033670846
cocktail,K529Q,0.20137645
double_vax,K529Q,-0.088286996
inactivated,K529Q,-0.004188793
inactivated_with_rna,K529Q,0.07322128
multiple_rna,K529Q,0.012949794
rna,K529Q,-0.03579789
single_vax,K529Q,0.030332804
unknown,K529Q,0.013742474
vax_with_bivalent,K529Q,0.022535723
vax_with_rna,K529Q,0.031186245
Alpha,K537Q,0.03603918
Beta,K537Q,0.107759945
Delta,K537Q,0.017562896
Epsilon,K537Q,0.0009807004
Gamma,K537Q,0.027502773
Iota,K537Q,-0.031873632
Lambda,K537Q,-0.035555974
Mu,K537Q,0.041309617
Omicron/BA.1,K537Q,0.04190982
Omicron/BA.2,K537Q,-0.04764066
Omicron/BA.4+,K537Q,0.07140295
Wild Type,K537Q,-0.056723487
bivalent,K537Q,0.0024905724
bivalent_with_rna,K537Q,-0.050373103
cocktail,K537Q,-0.10863818
double_vax,K537Q,0.07491206
inactivated,K537Q,-0.022009779
inactivated_with_rna,K537Q,0.025723375
multiple_rna,K537Q,0.0069350954
rna,K537Q,-0.014039307
single_vax,K537Q,-0.0061962046
unknown,K537Q,0.06618796
vax_with_bivalent,K537Q,-0.055330552
vax_with_rna,K537Q,0.012681847
Alpha,K558N,0.010584996
Beta,K558N,-0.03515083
Delta,K558N,0.0061271107
Epsilon,K558N,-0.112260625
Gamma,K558N,0.021834802
Iota,K558N,-0.10445105
Lambda,K558N,-0.051825073
Mu,K558N,-0.009701921
Omicron/BA.1,K558N,-0.087971345
Omicron/BA.2,K558N,0.17709647
Omicron/BA.4+,K558N,0.05765456
Wild Type,K558N,0.024332333
bivalent,K558N,-0.05177627
bivalent_with_rna,K558N,-0.048750803
cocktail,K558N,-0.0478012
double_vax,K558N,0.10252669
inactivated,K558N,0.020339495
inactivated_with_rna,K558N,-0.11075098
multiple_rna,K558N,0.0067374827
rna,K558N,-0.11793983
single_vax,K558N,0.037867256
unknown,K558N,0.062646896
vax_with_bivalent,K558N,-0.00150337
vax_with_rna,K558N,-0.017780522
Alpha,K558Q,-0.046992432
Beta,K558Q,-0.07130564
Delta,K558Q,-0.02867778
Epsilon,K558Q,0.027588893
Gamma,K558Q,-0.049947117
Iota,K558Q,0.040013567
Lambda,K558Q,0.0086349305
Mu,K558Q,-0.028791452
Omicron/BA.1,K558Q,0.05371486
Omicron/BA.2,K558Q,0.0487082
Omicron/BA.4+,K558Q,0.05652604
Wild Type,K558Q,0.061280537
bivalent,K558Q,-0.15427881
bivalent_with_rna,K558Q,0.072911315
cocktail,K558Q,-0.033642724
double_vax,K558Q,-0.01818955
inactivated,K558Q,-0.046107106
inactivated_with_rna,K558Q,-0.008349482
multiple_rna,K558Q,-0.05083146
rna,K558Q,0.03525765
single_vax,K558Q,0.0051283073
unknown,K558Q,-0.00827272
vax_with_bivalent,K558Q,-0.041522216
vax_with_rna,K558Q,-0.0031385422
Alpha,K558R,0.0066441754
Beta,K558R,0.032990906
Delta,K558R,-0.034515444
Epsilon,K558R,-0.05540998
Gamma,K558R,0.1621499
Iota,K558R,-0.019015685
Lambda,K558R,0.07926381
Mu,K558R,-0.057800747
Omicron/BA.1,K558R,-0.035853647
Omicron/BA.2,K558R,-0.01747668
Omicron/BA.4+,K558R,0.028425783
Wild Type,K558R,-0.072318636
bivalent,K558R,-0.0063242363
bivalent_with_rna,K558R,-0.096249744
cocktail,K558R,0.060991693
double_vax,K558R,-0.023769837
inactivated,K558R,-0.042896353
inactivated_with_rna,K558R,-0.089103036
multiple_rna,K558R,0.012494694
rna,K558R,-0.017052297
single_vax,K558R,0.0063119894
unknown,K558R,0.023345197
vax_with_bivalent,K558R,0.0050797444
vax_with_rna,K558R,0.016904185
Alpha,K776R,-0.0041610147
Beta,K776R,-0.07436335
Delta,K776R,-0.04554288
Epsilon,K776R,-0.026629174
Gamma,K776R,0.08644065
Iota,K776R,0.034707636
Lambda,K776R,0.037756484
Mu,K776R,-0.05835846
Omicron/BA.1,K776R,-0.005371385
Omicron/BA.2,K776R,-0.00033913366
Omicron/BA.4+,K776R,-0.01657091
Wild Type,K776R,0.07573511
bivalent,K776R,0.03735396
bivalent_with_rna,K776R,0.02304631
cocktail,K776R,-0.038965885
double_vax,K776R,0.0027087643
inactivated,K776R,-0.013293783
inactivated_with_rna,K776R,-0.086311534
multiple_rna,K776R,0.055877548
rna,K776R,-0.023345627
single_vax,K776R,0.026392762
unknown,K776R,0.0045463326
vax_with_bivalent,K776R,0.000559818
vax_with_rna,K776R,-0.012996537
Alpha,K77T,-0.030817574
Beta,K77T,0.01562783
Delta,K77T,-0.039502583
Epsilon,K77T,0.11182221
Gamma,K77T,-0.005138186
Iota,K77T,-0.010016067
Lambda,K77T,-0.052006602
Mu,K77T,-0.020965884
Omicron/BA.1,K77T,0.01574421
Omicron/BA.2,K77T,-0.017690303
Omicron/BA.4+,K77T,-0.030292302
Wild Type,K77T,-0.06529243
bivalent,K77T,0.07391999
bivalent_with_rna,K77T,-0.04449282
cocktail,K77T,-0.042119924
double_vax,K77T,0.09685214
inactivated,K77T,-0.060633797
inactivated_with_rna,K77T,-0.047419704
multiple_rna,K77T,-0.060199697
rna,K77T,-0.06914359
single_vax,K77T,0.07544686
unknown,K77T,0.038037438
vax_with_bivalent,K77T,0.10315761
vax_with_rna,K77T,0.025801186
Alpha,K933Q,-0.0014501624
Beta,K933Q,-0.01742632
Delta,K933Q,-0.005142518
Epsilon,K933Q,0.04522918
Gamma,K933Q,-0.065412395
Iota,K933Q,-0.005977493
Lambda,K933Q,-0.067208596
Mu,K933Q,0.07538915
Omicron/BA.1,K933Q,-0.020154243
Omicron/BA.2,K933Q,0.07983993
Omicron/BA.4+,K933Q,0.08117607
Wild Type,K933Q,-0.09387871
bivalent,K933Q,0.082767315
bivalent_with_rna,K933Q,-0.0050602946
cocktail,K933Q,0.08593113
double_vax,K933Q,0.03548557
inactivated,K933Q,0.053468954
inactivated_with_rna,K933Q,0.07921006
multiple_rna,K933Q,-0.01862888
rna,K933Q,-0.0542162
single_vax,K933Q,0.0004785927
unknown,K933Q,-0.076416396
vax_with_bivalent,K933Q,-0.0447402
vax_with_rna,K933Q,-0.05711697
Alpha,K97R,-0.010009296
Beta,K97R,-0.006537143
Delta,K97R,-0.013903271
Epsilon,K97R,0.0040408224
Gamma,K97R,0.011628538
Iota,K97R,-0.010519461
Lambda,K97R,0.049555447
Mu,K97R,0.06473158
Omicron/BA.1,K97R,-0.056373514
Omicron/BA.2,K97R,-0.016769584
Omicron/BA.4+,K97R,-0.102975726
Wild Type,K97R,-0.012875324
bivalent,K97R,0.021001766
bivalent_with_rna,K97R,0.016126493
cocktail,K97R,-0.06795164
double_vax,K97R,0.018152341
inactivated,K97R,-0.062074956
inactivated_with_rna,K97R,-0.08650163
multiple_rna,K97R,-0.03000424
rna,K97R,-0.11413481
single_vax,K97R,0.049678735
unknown,K97R,0.016708558
vax_with_bivalent,K97R,0.030283924
vax_with_rna,K97R,0.011783856
Alpha,L110M,0.015113512
Beta,L110M,0.036710046
Delta,L110M,-0.055081107
Epsilon,L110M,0.0355881
Gamma,L110M,0.080229014
Iota,L110M,-0.10388077
Lambda,L110M,0.0106886905
Mu,L110M,0.03951273
Omicron/BA.1,L110M,-0.049204964
Omicron/BA.2,L110M,-0.022951528
Omicron/BA.4+,L110M,0.04155081
Wild Type,L110M,0.023935765
bivalent,L110M,0.04285346
bivalent_with_rna,L110M,-0.02737325
cocktail,L110M,-0.06123829
double_vax,L110M,-0.0006986959
inactivated,L110M,0.010485306
inactivated_with_rna,L110M,-0.011185993
multiple_rna,L110M,-0.021480737
rna,L110M,-0.031943414
single_vax,L110M,-0.005338421
unknown,L110M,-0.12769753
vax_with_bivalent,L110M,0.0020980882
vax_with_rna,L110M,0.046031915
Alpha,L1141W,-0.026264694
Beta,L1141W,-0.04367929
Delta,L1141W,-0.059438735
Epsilon,L1141W,0.07273193
Gamma,L1141W,0.033850178
Iota,L1141W,-0.06773812
Lambda,L1141W,0.03522439
Mu,L1141W,-0.034076244
Omicron/BA.1,L1141W,-0.031773094
Omicron/BA.2,L1141W,-0.036883187
Omicron/BA.4+,L1141W,-0.05690141
Wild Type,L1141W,-0.101960115
bivalent,L1141W,-0.12443083
bivalent_with_rna,L1141W,0.008061813
cocktail,L1141W,0.03217381
double_vax,L1141W,-0.0569386
inactivated,L1141W,-0.0560359
inactivated_with_rna,L1141W,-0.06707919
multiple_rna,L1141W,0.060361173
rna,L1141W,-0.012637661
single_vax,L1141W,-0.036290415
unknown,L1141W,0.060712326
vax_with_bivalent,L1141W,-0.00045939907
vax_with_rna,L1141W,0.07301219
Alpha,L117V,0.10130128
Beta,L117V,-0.08855989
Delta,L117V,0.06761452
Epsilon,L117V,-0.053419985
Gamma,L117V,-0.044050664
Iota,L117V,0.04032385
Lambda,L117V,-0.055919297
Mu,L117V,-0.018031375
Omicron/BA.1,L117V,0.015755162
Omicron/BA.2,L117V,-0.13446508
Omicron/BA.4+,L117V,0.020029077
Wild Type,L117V,0.054776326
bivalent,L117V,0.0059639188
bivalent_with_rna,L117V,-0.027037587
cocktail,L117V,0.014363818
double_vax,L117V,0.05089972
inactivated,L117V,0.029758936
inactivated_with_rna,L117V,0.012668059
multiple_rna,L117V,0.039817825
rna,L117V,-0.021907778
single_vax,L117V,0.019934675
unknown,L117V,-0.010168589
vax_with_bivalent,L117V,-0.10675861
vax_with_rna,L117V,-0.04219233
Alpha,L118I,0.063683406
Beta,L118I,0.027752452
Delta,L118I,-0.043979563
Epsilon,L118I,0.10766648
Gamma,L118I,-0.009447489
Iota,L118I,-0.047674175
Lambda,L118I,0.061353516
Mu,L118I,-0.037578795
Omicron/BA.1,L118I,-0.079308376
Omicron/BA.2,L118I,0.090717606
Omicron/BA.4+,L118I,-0.02201694
Wild Type,L118I,-0.014788756
bivalent,L118I,-0.03838814
bivalent_with_rna,L118I,0.0006228257
cocktail,L118I,0.11629717
double_vax,L118I,-0.023264835
inactivated,L118I,0.08742992
inactivated_with_rna,L118I,-0.05313433
multiple_rna,L118I,0.00084563857
rna,L118I,-0.026208654
single_vax,L118I,-0.022350121
unknown,L118I,0.09118844
vax_with_bivalent,L118I,0.06126439
vax_with_rna,L118I,-0.028599218
Alpha,L1197P,-0.030137304
Beta,L1197P,0.07434573
Delta,L1197P,-0.065084554
Epsilon,L1197P,0.043491296
Gamma,L1197P,0.011776727
Iota,L1197P,-0.039114214
Lambda,L1197P,0.013392769
Mu,L1197P,0.048208434
Omicron/BA.1,L1197P,0.013061485
Omicron/BA.2,L1197P,0.010008687
Omicron/BA.4+,L1197P,-0.0077868355
Wild Type,L1197P,0.07312706
bivalent,L1197P,0.018186312
bivalent_with_rna,L1197P,0.024331024
cocktail,L1197P,-0.004299395
double_vax,L1197P,0.000614522
inactivated,L1197P,-0.00831859
inactivated_with_rna,L1197P,-0.086412475
multiple_rna,L1197P,0.19342281
rna,L1197P,0.004497356
single_vax,L1197P,0.023461051
unknown,L1197P,0.13202807
vax_with_bivalent,L1197P,0.04223232
vax_with_rna,L1197P,-0.022697756
Alpha,L141F,-0.0930824
Beta,L141F,-0.05403938
Delta,L141F,0.023685517
Epsilon,L141F,0.019124677
Gamma,L141F,-0.12286369
Iota,L141F,-0.0005386099
Lambda,L141F,0.024893137
Mu,L141F,-0.0830414
Omicron/BA.1,L141F,-0.009807773
Omicron/BA.2,L141F,0.038007677
Omicron/BA.4+,L141F,0.07087806
Wild Type,L141F,0.022320066
bivalent,L141F,-0.036405772
bivalent_with_rna,L141F,0.014191039
cocktail,L141F,-0.09693908
double_vax,L141F,0.024637207
inactivated,L141F,0.0038256347
inactivated_with_rna,L141F,0.07367873
multiple_rna,L141F,-0.030863564
rna,L141F,-0.031853955
single_vax,L141F,0.022839164
unknown,L141F,-0.037659943
vax_with_bivalent,L141F,-0.049866788
vax_with_rna,L141F,0.034413874
Alpha,L176M,0.055859596
Beta,L176M,-0.030806385
Delta,L176M,-0.04267229
Epsilon,L176M,-0.09681899
Gamma,L176M,0.07301665
Iota,L176M,0.033412043
Lambda,L176M,-0.020240193
Mu,L176M,0.047521256
Omicron/BA.1,L176M,0.043652423
Omicron/BA.2,L176M,0.023614742
Omicron/BA.4+,L176M,0.005588345
Wild Type,L176M,0.08488684
bivalent,L176M,0.07064605
bivalent_with_rna,L176M,-0.21121165
cocktail,L176M,0.06377058
double_vax,L176M,-0.016859923
inactivated,L176M,-0.069426484
inactivated_with_rna,L176M,-0.07224712
multiple_rna,L176M,-0.0167636
rna,L176M,-0.004435692
single_vax,L176M,-0.10989445
unknown,L176M,0.11235559
vax_with_bivalent,L176M,0.09346014
vax_with_rna,L176M,-0.06741547
Alpha,L176N,-0.058506086
Beta,L176N,0.11047006
Delta,L176N,-0.062127434
Epsilon,L176N,-0.040230665
Gamma,L176N,0.0302518
Iota,L176N,-0.014446814
Lambda,L176N,-0.06902927
Mu,L176N,0.0052295635
Omicron/BA.1,L176N,-0.07060092
Omicron/BA.2,L176N,0.045351654
Omicron/BA.4+,L176N,-0.031978663
Wild Type,L176N,0.025889426
bivalent,L176N,-0.046403833
bivalent_with_rna,L176N,0.02075857
cocktail,L176N,-0.11452488
double_vax,L176N,0.01603061
inactivated,L176N,0.06529265
inactivated_with_rna,L176N,0.030364357
multiple_rna,L176N,0.07493575
rna,L176N,-0.07229972
single_vax,L176N,-0.032848872
unknown,L176N,-0.020503512
vax_with_bivalent,L176N,-0.04687809
vax_with_rna,L176N,-0.058430508
Alpha,L176S,0.029749874
Beta,L176S,0.073455825
Delta,L176S,-0.040138062
Epsilon,L176S,-0.0050575184
Gamma,L176S,-0.025182066
Iota,L176S,-0.053519085
Lambda,L176S,0.13623948
Mu,L176S,-0.107882224
Omicron/BA.1,L176S,0.034991592
Omicron/BA.2,L176S,0.0009720996
Omicron/BA.4+,L176S,-0.046512075
Wild Type,L176S,-0.00026172306
bivalent,L176S,-0.019927688
bivalent_with_rna,L176S,0.058352772
cocktail,L176S,0.08782306
double_vax,L176S,0.010245508
inactivated,L176S,-0.07988208
inactivated_with_rna,L176S,-0.060972944
multiple_rna,L176S,-0.07842287
rna,L176S,-0.022771366
single_vax,L176S,-0.012573313
unknown,L176S,0.005544463
vax_with_bivalent,L176S,-0.05591895
vax_with_rna,L176S,0.036337014
Alpha,L179I,0.004770232
Beta,L179I,0.0024108887
Delta,L179I,0.037938964
Epsilon,L179I,0.13185723
Gamma,L179I,-0.060372252
Iota,L179I,-0.008499397
Lambda,L179I,-0.1189868
Mu,L179I,-0.03892378
Omicron/BA.1,L179I,-0.10826358
Omicron/BA.2,L179I,0.027278878
Omicron/BA.4+,L179I,-0.012824989
Wild Type,L179I,-0.012550466
bivalent,L179I,0.03559126
bivalent_with_rna,L179I,-0.11088594
cocktail,L179I,0.014544485
double_vax,L179I,0.0059626177
inactivated,L179I,0.044979792
inactivated_with_rna,L179I,-0.031000132
multiple_rna,L179I,-0.018360667
rna,L179I,-0.0070297755
single_vax,L179I,0.10442067
unknown,L179I,-0.046502043
vax_with_bivalent,L179I,0.042696748
vax_with_rna,L179I,0.088530704
Alpha,L179V,-0.015356448
Beta,L179V,0.08012267
Delta,L179V,-0.07245149
Epsilon,L179V,-0.08201657
Gamma,L179V,0.101167396
Iota,L179V,0.004654037
Lambda,L179V,0.02340332
Mu,L179V,-0.06421548
Omicron/BA.1,L179V,-0.04331184
Omicron/BA.2,L179V,0.026006954
Omicron/BA.4+,L179V,0.035202846
Wild Type,L179V,0.0024491092
bivalent,L179V,0.031820692
bivalent_with_rna,L179V,0.035869595
cocktail,L179V,-0.06910705
double_vax,L179V,0.07567654
inactivated,L179V,-0.07505292
inactivated_with_rna,L179V,0.07428941
multiple_rna,L179V,-0.0025066286
rna,L179V,-0.01948094
single_vax,L179V,0.019753529
unknown,L179V,0.02202268
vax_with_bivalent,L179V,0.047421873
vax_with_rna,L179V,-0.15014987
Alpha,L18C,0.031187529
Beta,L18C,-0.060845494
Delta,L18C,-0.008835039
Epsilon,L18C,0.08095561
Gamma,L18C,-0.078351535
Iota,L18C,0.08241579
Lambda,L18C,-0.034606293
Mu,L18C,-0.06712717
Omicron/BA.1,L18C,0.041986145
Omicron/BA.2,L18C,-0.10895208
Omicron/BA.4+,L18C,0.058015972
Wild Type,L18C,0.030149987
bivalent,L18C,-0.017778989
bivalent_with_rna,L18C,-0.031490624
cocktail,L18C,-0.01782252
double_vax,L18C,-0.025384607
inactivated,L18C,-0.03432346
inactivated_with_rna,L18C,0.12535338
multiple_rna,L18C,0.04248229
rna,L18C,-0.00829317
single_vax,L18C,0.015244076
unknown,L18C,0.06404902
vax_with_bivalent,L18C,-0.11487869
vax_with_rna,L18C,-0.08736479
Alpha,L18F,-0.005332734
Beta,L18F,-0.0675508
Delta,L18F,0.010908568
Epsilon,L18F,0.046628334
Gamma,L18F,0.03624788
Iota,L18F,-0.039192922
Lambda,L18F,-0.02187533
Mu,L18F,-0.04665727
Omicron/BA.1,L18F,-0.0076527204
Omicron/BA.2,L18F,0.005142313
Omicron/BA.4+,L18F,-0.024382064
Wild Type,L18F,0.0030197175
bivalent,L18F,-0.011398513
bivalent_with_rna,L18F,-0.022335917
cocktail,L18F,0.047417298
double_vax,L18F,0.11071757
inactivated,L18F,0.04005245
inactivated_with_rna,L18F,0.021975264
multiple_rna,L18F,0.039211147
rna,L18F,-0.080212645
single_vax,L18F,0.00061410724
unknown,L18F,-0.0024905605
vax_with_bivalent,L18F,0.0042455625
vax_with_rna,L18F,0.06970565
Alpha,L212A,0.033569258
Beta,L212A,0.022626467
Delta,L212A,-0.069056556
Epsilon,L212A,-0.022749668
Gamma,L212A,0.118612856
Iota,L212A,-0.029132858
Lambda,L212A,0.07419155
Mu,L212A,-0.057437014
Omicron/BA.1,L212A,0.015846875
Omicron/BA.2,L212A,-0.06627792
Omicron/BA.4+,L212A,-0.016652152
Wild Type,L212A,-0.040678192
bivalent,L212A,-0.013441393
bivalent_with_rna,L212A,-0.02121121
cocktail,L212A,0.03831065
double_vax,L212A,0.018586468
inactivated,L212A,0.027202412
inactivated_with_rna,L212A,-0.06443407
multiple_rna,L212A,-0.03226118
rna,L212A,-0.022018746
single_vax,L212A,0.0074854232
unknown,L212A,-0.020328442
vax_with_bivalent,L212A,-0.0206665
vax_with_rna,L212A,0.052382983
Alpha,L212I,0.028177721
Beta,L212I,0.065457
Delta,L212I,-0.08210426
Epsilon,L212I,0.08714843
Gamma,L212I,-0.03367182
Iota,L212I,0.024586035
Lambda,L212I,0.06561791
Mu,L212I,-0.014698807
Omicron/BA.1,L212I,-0.09814201
Omicron/BA.2,L212I,0.08018929
Omicron/BA.4+,L212I,-0.047320016
Wild Type,L212I,0.09312485
bivalent,L212I,0.05503609
bivalent_with_rna,L212I,-0.02596752
cocktail,L212I,0.020149084
double_vax,L212I,-0.04677366
inactivated,L212I,0.015287258
inactivated_with_rna,L212I,0.000116946176
multiple_rna,L212I,0.066079795
rna,L212I,0.0040297867
single_vax,L212I,-0.051282793
unknown,L212I,-0.0774958
vax_with_bivalent,L212I,-0.14815338
vax_with_rna,L212I,0.05307267
Alpha,L212S,0.016080273
Beta,L212S,-0.039790086
Delta,L212S,0.073365614
Epsilon,L212S,-0.023648689
Gamma,L212S,0.041409288
Iota,L212S,0.11021639
Lambda,L212S,-0.05102061
Mu,L212S,0.06154125
Omicron/BA.1,L212S,-0.088921435
Omicron/BA.2,L212S,-0.21784036
Omicron/BA.4+,L212S,-0.053011067
Wild Type,L212S,0.038090188
bivalent,L212S,0.003780459
bivalent_with_rna,L212S,-0.105794236
cocktail,L212S,-0.034426436
double_vax,L212S,-0.028820202
inactivated,L212S,-0.03585619
inactivated_with_rna,L212S,-0.04491666
multiple_rna,L212S,0.037013482
rna,L212S,-0.005918205
single_vax,L212S,-0.056511536
unknown,L212S,0.025956128
vax_with_bivalent,L212S,0.0042015966
vax_with_rna,L212S,-0.0122054685
Alpha,L212V,-0.051491458
Beta,L212V,0.06811488
Delta,L212V,0.05170797
Epsilon,L212V,0.037171856
Gamma,L212V,0.046959393
Iota,L212V,-0.012457172
Lambda,L212V,-0.16255048
Mu,L212V,-0.060550332
Omicron/BA.1,L212V,0.024471603
Omicron/BA.2,L212V,-0.016786948
Omicron/BA.4+,L212V,-0.08048913
Wild Type,L212V,0.03502121
bivalent,L212V,0.03278809
bivalent_with_rna,L212V,-0.0011366648
cocktail,L212V,-0.018824155
double_vax,L212V,0.061420545
inactivated,L212V,-0.0235413
inactivated_with_rna,L212V,-0.07402457
multiple_rna,L212V,0.012771692
rna,L212V,-0.035689313
single_vax,L212V,0.030575257
unknown,L212V,-0.08031065
vax_with_bivalent,L212V,0.024827065
vax_with_rna,L212V,-0.11396023
Alpha,L216F,-0.039317414
Beta,L216F,0.02635557
Delta,L216F,0.007647913
Epsilon,L216F,-0.049255162
Gamma,L216F,-0.02869815
Iota,L216F,-0.07459606
Lambda,L216F,0.02011622
Mu,L216F,0.1269875
Omicron/BA.1,L216F,-0.08883949
Omicron/BA.2,L216F,0.08240565
Omicron/BA.4+,L216F,-0.0068221614
Wild Type,L216F,0.07426815
bivalent,L216F,-0.09336046
bivalent_with_rna,L216F,0.0877299
cocktail,L216F,-0.07820817
double_vax,L216F,-0.0144625865
inactivated,L216F,0.034873832
inactivated_with_rna,L216F,0.030144796
multiple_rna,L216F,-0.10116329
rna,L216F,-0.053044587
single_vax,L216F,0.03660655
unknown,L216F,0.10537994
vax_with_bivalent,L216F,0.022132976
vax_with_rna,L216F,-0.05092755
Alpha,L226I,-0.06770919
Beta,L226I,-0.026515534
Delta,L226I,0.0981561
Epsilon,L226I,0.03153747
Gamma,L226I,-0.08917705
Iota,L226I,0.068381526
Lambda,L226I,0.02345937
Mu,L226I,-0.0046948045
Omicron/BA.1,L226I,0.03334741
Omicron/BA.2,L226I,0.13849749
Omicron/BA.4+,L226I,0.021270249
Wild Type,L226I,-0.011890931
bivalent,L226I,-0.036626045
bivalent_with_rna,L226I,-0.030836888
cocktail,L226I,-0.14771715
double_vax,L226I,-0.051867962
inactivated,L226I,-0.050596867
inactivated_with_rna,L226I,0.04688702
multiple_rna,L226I,-0.12937629
rna,L226I,-0.02161813
single_vax,L226I,0.014122746
unknown,L226I,0.001513809
vax_with_bivalent,L226I,-0.019935329
vax_with_rna,L226I,-0.014527835
Alpha,L229I,-0.005927967
Beta,L229I,0.016874686
Delta,L229I,-0.008056686
Epsilon,L229I,-0.06792874
Gamma,L229I,-0.114393815
Iota,L229I,0.08156205
Lambda,L229I,0.090630576
Mu,L229I,-0.03155347
Omicron/BA.1,L229I,-0.0061822254
Omicron/BA.2,L229I,-0.053224746
Omicron/BA.4+,L229I,-0.03070538
Wild Type,L229I,-0.038509183
bivalent,L229I,-0.05795077
bivalent_with_rna,L229I,-0.035348367
cocktail,L229I,0.03357935
double_vax,L229I,-0.069842085
inactivated,L229I,0.006253342
inactivated_with_rna,L229I,0.02942962
multiple_rna,L229I,0.08281953
rna,L229I,-0.0057073124
single_vax,L229I,0.008654156
unknown,L229I,-0.059191473
vax_with_bivalent,L229I,0.059323236
vax_with_rna,L229I,-0.021245867
Alpha,L241H,-0.045108087
Beta,L241H,0.03314896
Delta,L241H,0.0049281185
Epsilon,L241H,0.0049820943
Gamma,L241H,-0.09672533
Iota,L241H,-0.059526194
Lambda,L241H,-0.055422824
Mu,L241H,-0.008241753
Omicron/BA.1,L241H,0.07345957
Omicron/BA.2,L241H,-0.04969947
Omicron/BA.4+,L241H,0.06282567
Wild Type,L241H,0.068224385
bivalent,L241H,0.0273568
bivalent_with_rna,L241H,0.027346663
cocktail,L241H,0.016227465
double_vax,L241H,-0.037624747
inactivated,L241H,0.0456869
inactivated_with_rna,L241H,0.017445808
multiple_rna,L241H,0.007723287
rna,L241H,-0.03358257
single_vax,L241H,0.07167106
unknown,L241H,-0.009316213
vax_with_bivalent,L241H,-0.01498108
vax_with_rna,L241H,0.04911358
Alpha,L241I,0.12676117
Beta,L241I,-0.01503845
Delta,L241I,-0.0129693365
Epsilon,L241I,0.03209552
Gamma,L241I,-0.04819594
Iota,L241I,-0.022384614
Lambda,L241I,0.10736705
Mu,L241I,-0.009293674
Omicron/BA.1,L241I,-0.060288463
Omicron/BA.2,L241I,0.019115282
Omicron/BA.4+,L241I,0.12188205
Wild Type,L241I,0.09008866
bivalent,L241I,-0.03629897
bivalent_with_rna,L241I,-0.020159762
cocktail,L241I,-0.013406262
double_vax,L241I,0.067627005
inactivated,L241I,-0.000978414
inactivated_with_rna,L241I,0.070616975
multiple_rna,L241I,0.059687328
rna,L241I,-0.053670954
single_vax,L241I,0.028804936
unknown,L241I,0.13031943
vax_with_bivalent,L241I,0.027615752
vax_with_rna,L241I,0.0038306136
Alpha,L244A,0.037156217
Beta,L244A,0.05600506
Delta,L244A,-0.03974538
Epsilon,L244A,0.094148256
Gamma,L244A,-0.020329341
Iota,L244A,-0.03022897
Lambda,L244A,-0.046679616
Mu,L244A,-0.10144956
Omicron/BA.1,L244A,0.023381643
Omicron/BA.2,L244A,0.010372169
Omicron/BA.4+,L244A,0.092406906
Wild Type,L244A,-0.21422271
bivalent,L244A,0.030248964
bivalent_with_rna,L244A,-0.008097904
cocktail,L244A,-0.16302882
double_vax,L244A,-0.028189957
inactivated,L244A,-0.03768827
inactivated_with_rna,L244A,-0.009430505
multiple_rna,L244A,0.03910673
rna,L244A,-0.009125774
single_vax,L244A,0.0008736523
unknown,L244A,0.07385326
vax_with_bivalent,L244A,0.044652816
vax_with_rna,L244A,0.00944527
Alpha,L244I,-0.027799321
Beta,L244I,-0.071847685
Delta,L244I,0.02905316
Epsilon,L244I,0.029234583
Gamma,L244I,-0.008445343
Iota,L244I,-0.036764704
Lambda,L244I,-0.07240139
Mu,L244I,0.032286577
Omicron/BA.1,L244I,-0.008779132
Omicron/BA.2,L244I,-0.03669073
Omicron/BA.4+,L244I,0.042234294
Wild Type,L244I,-0.00018737651
bivalent,L244I,-0.07640239
bivalent_with_rna,L244I,-0.12708227
cocktail,L244I,-0.06626194
double_vax,L244I,0.02997696
inactivated,L244I,0.013727768
inactivated_with_rna,L244I,0.06470771
multiple_rna,L244I,-0.020085614
rna,L244I,0.007282058
single_vax,L244I,0.0243978
unknown,L244I,0.081560664
vax_with_bivalent,L244I,0.107125044
vax_with_rna,L244I,0.074664235
Alpha,L249P,0.021182626
Beta,L249P,0.08949677
Delta,L249P,0.055091847
Epsilon,L249P,0.061102137
Gamma,L249P,0.021022784
Iota,L249P,-0.031570077
Lambda,L249P,0.036516838
Mu,L249P,-0.026384661
Omicron/BA.1,L249P,-0.0042381864
Omicron/BA.2,L249P,-0.02694704
Omicron/BA.4+,L249P,-0.031160805
Wild Type,L249P,-0.007038696
bivalent,L249P,0.06664024
bivalent_with_rna,L249P,0.0041183042
cocktail,L249P,0.055110153
double_vax,L249P,0.02754382
inactivated,L249P,-0.05529337
inactivated_with_rna,L249P,0.024747595
multiple_rna,L249P,-0.0034984527
rna,L249P,-0.03320832
single_vax,L249P,-0.01782922
unknown,L249P,-0.05958671
vax_with_bivalent,L249P,0.06618584
vax_with_rna,L249P,0.07752339
Alpha,L24I,0.06227511
Beta,L24I,0.018191399
Delta,L24I,0.032158226
Epsilon,L24I,0.11426576
Gamma,L24I,-0.046060868
Iota,L24I,0.040488373
Lambda,L24I,-0.11670449
Mu,L24I,-0.038116917
Omicron/BA.1,L24I,0.027387332
Omicron/BA.2,L24I,-0.11771419
Omicron/BA.4+,L24I,-0.0073613455
Wild Type,L24I,0.10086728
bivalent,L24I,0.032576434
bivalent_with_rna,L24I,-0.0066377213
cocktail,L24I,-0.0107530765
double_vax,L24I,0.031217244
inactivated,L24I,0.01858037
inactivated_with_rna,L24I,0.04342444
multiple_rna,L24I,-0.11241936
rna,L24I,0.019998303
single_vax,L24I,0.026986536
unknown,L24I,-0.0052146465
vax_with_bivalent,L24I,0.0054968367
vax_with_rna,L24I,-0.07042716
Alpha,L24L,-0.1265688
Beta,L24L,0.02475984
Delta,L24L,-0.06907895
Epsilon,L24L,-0.01719821
Gamma,L24L,-0.01648688
Iota,L24L,0.033850938
Lambda,L24L,0.013913646
Mu,L24L,-0.039525263
Omicron/BA.1,L24L,-0.035391375
Omicron/BA.2,L24L,0.072426595
Omicron/BA.4+,L24L,0.054585673
Wild Type,L24L,-0.05295906
bivalent,L24L,0.045017034
bivalent_with_rna,L24L,0.03268608
cocktail,L24L,0.032194927
double_vax,L24L,-0.016535312
inactivated,L24L,-0.0068212086
inactivated_with_rna,L24L,-0.010304501
multiple_rna,L24L,0.08677091
rna,L24L,-0.061790574
single_vax,L24L,-0.058286812
unknown,L24L,0.13777098
vax_with_bivalent,L24L,-0.031779002
vax_with_rna,L24L,-0.043902967
Alpha,L24R,0.020417362
Beta,L24R,-0.031990543
Delta,L24R,-0.007557211
Epsilon,L24R,-0.040516544
Gamma,L24R,0.06882688
Iota,L24R,0.15838362
Lambda,L24R,0.04861331
Mu,L24R,-0.08910558
Omicron/BA.1,L24R,0.02014214
Omicron/BA.2,L24R,-0.026397176
Omicron/BA.4+,L24R,-0.10580249
Wild Type,L24R,0.12091464
bivalent,L24R,0.0039210445
bivalent_with_rna,L24R,0.07698488
cocktail,L24R,-0.032505687
double_vax,L24R,-0.081056684
inactivated,L24R,-0.021068828
inactivated_with_rna,L24R,0.0053717634
multiple_rna,L24R,0.007540025
rna,L24R,-0.070944
single_vax,L24R,0.046942547
unknown,L24R,-0.024907848
vax_with_bivalent,L24R,-0.03497696
vax_with_rna,L24R,0.066048615
Alpha,L24S,0.08393213
Beta,L24S,0.005343091
Delta,L24S,0.033103913
Epsilon,L24S,0.033738986
Gamma,L24S,-0.010408351
Iota,L24S,0.063638456
Lambda,L24S,0.03396561
Mu,L24S,-0.023899246
Omicron/BA.1,L24S,0.022767544
Omicron/BA.2,L24S,0.05703629
Omicron/BA.4+,L24S,-0.01565401
Wild Type,L24S,-0.009503751
bivalent,L24S,0.057594933
bivalent_with_rna,L24S,0.00034342986
cocktail,L24S,0.017971769
double_vax,L24S,0.00071005616
inactivated,L24S,-0.006958436
inactivated_with_rna,L24S,0.018740123
multiple_rna,L24S,-0.0581617
rna,L24S,0.020842485
single_vax,L24S,0.039221033
unknown,L24S,0.0115332585
vax_with_bivalent,L24S,-0.0027895835
vax_with_rna,L24S,-0.009017929
Alpha,L24V,0.1179529
Beta,L24V,-0.023696493
Delta,L24V,-0.011154768
Epsilon,L24V,0.04393646
Gamma,L24V,-0.05436991
Iota,L24V,-0.008870224
Lambda,L24V,-0.026079625
Mu,L24V,-0.011277654
Omicron/BA.1,L24V,0.036215544
Omicron/BA.2,L24V,0.04204578
Omicron/BA.4+,L24V,0.04432693
Wild Type,L24V,0.05439383
bivalent,L24V,-0.04076833
bivalent_with_rna,L24V,0.0005984092
cocktail,L24V,-0.10656953
double_vax,L24V,-0.023656962
inactivated,L24V,-0.04109599
inactivated_with_rna,L24V,0.009938631
multiple_rna,L24V,-0.14337577
rna,L24V,-0.018323135
single_vax,L24V,-0.00070542004
unknown,L24V,-0.024953155
vax_with_bivalent,L24V,-0.002969575
vax_with_rna,L24V,-0.0059347544
Alpha,L276M,-0.04602209
Beta,L276M,-0.09513803
Delta,L276M,-0.019340776
Epsilon,L276M,0.01738797
Gamma,L276M,0.05142049
Iota,L276M,-0.056060232
Lambda,L276M,0.07264979
Mu,L276M,0.12612809
Omicron/BA.1,L276M,-0.12871166
Omicron/BA.2,L276M,-0.06907094
Omicron/BA.4+,L276M,0.049371373
Wild Type,L276M,-0.08154539
bivalent,L276M,-0.037850406
bivalent_with_rna,L276M,0.01162456
cocktail,L276M,0.007257417
double_vax,L276M,-0.027753161
inactivated,L276M,0.037456065
inactivated_with_rna,L276M,0.02195003
multiple_rna,L276M,-0.031040883
rna,L276M,-0.025063552
single_vax,L276M,-0.0039023282
unknown,L276M,0.10098412
vax_with_bivalent,L276M,-0.022123566
vax_with_rna,L276M,-0.03887308
Alpha,L293Q,0.027181253
Beta,L293Q,-0.06472711
Delta,L293Q,-0.10286614
Epsilon,L293Q,-0.027647806
Gamma,L293Q,-0.01651609
Iota,L293Q,-0.016813595
Lambda,L293Q,-0.014843256
Mu,L293Q,-0.024751658
Omicron/BA.1,L293Q,0.052333683
Omicron/BA.2,L293Q,0.006804445
Omicron/BA.4+,L293Q,-0.022703666
Wild Type,L293Q,0.039449323
bivalent,L293Q,0.005938895
bivalent_with_rna,L293Q,-0.01578132
cocktail,L293Q,0.014581041
double_vax,L293Q,-0.0035768999
inactivated,L293Q,0.00019126758
inactivated_with_rna,L293Q,-0.00031461194
multiple_rna,L293Q,-0.009526545
rna,L293Q,-0.026361393
single_vax,L293Q,0.017138358
unknown,L293Q,0.10958295
vax_with_bivalent,L293Q,0.0060832184
vax_with_rna,L293Q,0.05998699
Alpha,L303V,0.003316041
Beta,L303V,-0.051662195
Delta,L303V,0.0012686062
Epsilon,L303V,-0.056876477
Gamma,L303V,0.048160013
Iota,L303V,0.07400482
Lambda,L303V,-0.05592992
Mu,L303V,0.016013544
Omicron/BA.1,L303V,-0.012847403
Omicron/BA.2,L303V,0.009245493
Omicron/BA.4+,L303V,-0.04149831
Wild Type,L303V,0.01200296
bivalent,L303V,0.028394144
bivalent_with_rna,L303V,0.04521781
cocktail,L303V,0.014660615
double_vax,L303V,0.0002420871
inactivated,L303V,-0.026518311
inactivated_with_rna,L303V,-0.0284024
multiple_rna,L303V,-0.03076873
rna,L303V,-0.055059336
single_vax,L303V,0.014273717
unknown,L303V,0.025488028
vax_with_bivalent,L303V,0.06878321
vax_with_rna,L303V,-0.034131244
Alpha,L368I,0.12348879
Beta,L368I,-0.0016445648
Delta,L368I,0.010305268
Epsilon,L368I,-0.021172723
Gamma,L368I,0.18009165
Iota,L368I,-0.001326297
Lambda,L368I,0.06395782
Mu,L368I,0.039852038
Omicron/BA.1,L368I,0.1289502
Omicron/BA.2,L368I,0.047886275
Omicron/BA.4+,L368I,-0.0969493
Wild Type,L368I,0.032701522
bivalent,L368I,0.071223274
bivalent_with_rna,L368I,-0.0051814616
cocktail,L368I,0.0126026925
double_vax,L368I,-0.016743893
inactivated,L368I,-0.022696735
inactivated_with_rna,L368I,-0.14494272
multiple_rna,L368I,-0.02303258
rna,L368I,0.040890753
single_vax,L368I,-0.052790284
unknown,L368I,0.07023143
vax_with_bivalent,L368I,-0.035080608
vax_with_rna,L368I,0.0062742922
Alpha,L441I,0.027187105
Beta,L441I,0.017720247
Delta,L441I,-0.05199957
Epsilon,L441I,0.079095624
Gamma,L441I,0.051880155
Iota,L441I,0.011844108
Lambda,L441I,0.11105163
Mu,L441I,-0.060580473
Omicron/BA.1,L441I,0.05331536
Omicron/BA.2,L441I,0.015825003
Omicron/BA.4+,L441I,0.00042441022
Wild Type,L441I,-0.0380917
bivalent,L441I,-0.008193029
bivalent_with_rna,L441I,-0.015808271
cocktail,L441I,-0.020954758
double_vax,L441I,-0.029267317
inactivated,L441I,0.07365035
inactivated_with_rna,L441I,-0.01670182
multiple_rna,L441I,-0.0064402027
rna,L441I,-0.055665266
single_vax,L441I,0.03501938
unknown,L441I,-0.0024823113
vax_with_bivalent,L441I,0.027216148
vax_with_rna,L441I,-0.004081837
Alpha,L441Q,0.097602725
Beta,L441Q,0.121518046
Delta,L441Q,0.064152405
Epsilon,L441Q,-0.0042414633
Gamma,L441Q,0.05585327
Iota,L441Q,-0.042367287
Lambda,L441Q,-0.03089147
Mu,L441Q,-0.04449054
Omicron/BA.1,L441Q,-0.07245106
Omicron/BA.2,L441Q,-0.032835174
Omicron/BA.4+,L441Q,0.024536818
Wild Type,L441Q,0.011284603
bivalent,L441Q,0.09356621
bivalent_with_rna,L441Q,-0.03492314
cocktail,L441Q,0.020165803
double_vax,L441Q,-0.036841184
inactivated,L441Q,-0.010239859
inactivated_with_rna,L441Q,0.1086919
multiple_rna,L441Q,-0.03305903
rna,L441Q,0.008122321
single_vax,L441Q,-0.04137952
unknown,L441Q,-0.067786105
vax_with_bivalent,L441Q,0.008629484
vax_with_rna,L441Q,-0.03539723
Alpha,L452K,-0.016954068
Beta,L452K,-0.019319747
Delta,L452K,-0.0212515
Epsilon,L452K,0.06694179
Gamma,L452K,-0.005971022
Iota,L452K,0.09314883
Lambda,L452K,0.03596225
Mu,L452K,0.06405197
Omicron/BA.1,L452K,-0.02668472
Omicron/BA.2,L452K,0.068948604
Omicron/BA.4+,L452K,0.008330418
Wild Type,L452K,-0.04377829
bivalent,L452K,0.038936276
bivalent_with_rna,L452K,0.021033585
cocktail,L452K,0.023091601
double_vax,L452K,0.0071277097
inactivated,L452K,0.004044842
inactivated_with_rna,L452K,-0.042566314
multiple_rna,L452K,0.020368248
rna,L452K,-0.044167325
single_vax,L452K,-0.019833427
unknown,L452K,-0.04971048
vax_with_bivalent,L452K,-0.08011419
vax_with_rna,L452K,0.05910939
Alpha,L452L,-0.09002296
Beta,L452L,-0.09483365
Delta,L452L,-0.054794382
Epsilon,L452L,0.020027779
Gamma,L452L,0.09493333
Iota,L452L,-0.024200365
Lambda,L452L,-0.019762887
Mu,L452L,0.06344965
Omicron/BA.1,L452L,0.11741821
Omicron/BA.2,L452L,-0.08879984
Omicron/BA.4+,L452L,-0.1088504
Wild Type,L452L,-0.021109866
bivalent,L452L,-0.08137165
bivalent_with_rna,L452L,-0.03518375
cocktail,L452L,-0.022999022
double_vax,L452L,0.013099067
inactivated,L452L,-0.0038954075
inactivated_with_rna,L452L,0.021862308
multiple_rna,L452L,0.079233274
rna,L452L,-0.10950048
single_vax,L452L,0.020565078
unknown,L452L,-0.059679437
vax_with_bivalent,L452L,0.054633114
vax_with_rna,L452L,-0.004393497
Alpha,L452M,-0.00485326
Beta,L452M,-0.079611614
Delta,L452M,-0.008521817
Epsilon,L452M,0.029794835
Gamma,L452M,0.04755806
Iota,L452M,-0.026349612
Lambda,L452M,-0.0050160466
Mu,L452M,0.009720997
Omicron/BA.1,L452M,-0.009779035
Omicron/BA.2,L452M,0.0649723
Omicron/BA.4+,L452M,-0.12095606
Wild Type,L452M,0.15200323
bivalent,L452M,0.015820624
bivalent_with_rna,L452M,-0.09929676
cocktail,L452M,-0.044540018
double_vax,L452M,-0.04860784
inactivated,L452M,0.063943736
inactivated_with_rna,L452M,0.0111644305
multiple_rna,L452M,0.019048797
rna,L452M,-0.09336937
single_vax,L452M,0.031061035
unknown,L452M,0.073148616
vax_with_bivalent,L452M,-0.0088601755
vax_with_rna,L452M,0.004639315
Alpha,L452Q,0.1008414
Beta,L452Q,0.034583643
Delta,L452Q,0.030183498
Epsilon,L452Q,0.020085935
Gamma,L452Q,-0.095080465
Iota,L452Q,0.02237549
Lambda,L452Q,0.10100986
Mu,L452Q,-0.05996114
Omicron/BA.1,L452Q,0.08248849
Omicron/BA.2,L452Q,0.14230983
Omicron/BA.4+,L452Q,0.02867976
Wild Type,L452Q,0.035748184
bivalent,L452Q,0.06758783
bivalent_with_rna,L452Q,-0.005831742
cocktail,L452Q,0.0024264879
double_vax,L452Q,0.05513323
inactivated,L452Q,0.004617691
inactivated_with_rna,L452Q,0.04177717
multiple_rna,L452Q,0.06729966
rna,L452Q,0.063702464
single_vax,L452Q,0.1063539
unknown,L452Q,0.06405249
vax_with_bivalent,L452Q,0.10229612
vax_with_rna,L452Q,-0.10642415
Alpha,L452R,0.22038744
Beta,L452R,0.009618079
Delta,L452R,0.038586073
Epsilon,L452R,-0.058858715
Gamma,L452R,0.14609732
Iota,L452R,0.116738796
Lambda,L452R,0.07764086
Mu,L452R,0.047829606
Omicron/BA.1,L452R,0.16177866
Omicron/BA.2,L452R,0.034957454
Omicron/BA.4+,L452R,-0.015506237
Wild Type,L452R,0.08017074
bivalent,L452R,0.093971156
bivalent_with_rna,L452R,0.0943512
cocktail,L452R,0.050866917
double_vax,L452R,0.081053995
inactivated,L452R,0.0651796
inactivated_with_rna,L452R,0.1036084
multiple_rna,L452R,0.15133
rna,L452R,0.12841278
single_vax,L452R,0.13357817
unknown,L452R,0.028669456
vax_with_bivalent,L452R,0.121385925
vax_with_rna,L452R,0.083941445
Alpha,L452W,-0.021505263
Beta,L452W,0.010275362
Delta,L452W,0.021771044
Epsilon,L452W,-0.05405181
Gamma,L452W,-0.009014677
Iota,L452W,0.08395767
Lambda,L452W,-0.01956883
Mu,L452W,-0.038421854
Omicron/BA.1,L452W,0.045855954
Omicron/BA.2,L452W,0.049465485
Omicron/BA.4+,L452W,0.0018286502
Wild Type,L452W,-0.07337245
bivalent,L452W,-0.06561618
bivalent_with_rna,L452W,-0.01079254
cocktail,L452W,-0.044049006
double_vax,L452W,-0.026306346
inactivated,L452W,0.1376328
inactivated_with_rna,L452W,0.031220619
multiple_rna,L452W,-0.053927578
rna,L452W,-0.028646039
single_vax,L452W,-0.019200768
unknown,L452W,0.013583854
vax_with_bivalent,L452W,0.05110072
vax_with_rna,L452W,0.02083255
Alpha,L455S,-0.07424057
Beta,L455S,-0.07889183
Delta,L455S,0.01632051
Epsilon,L455S,0.014086621
Gamma,L455S,-0.07590568
Iota,L455S,0.077213734
Lambda,L455S,0.038526442
Mu,L455S,0.033950064
Omicron/BA.1,L455S,-0.06853448
Omicron/BA.2,L455S,-0.002808636
Omicron/BA.4+,L455S,-0.018396962
Wild Type,L455S,-0.0005041252
bivalent,L455S,-0.044384547
bivalent_with_rna,L455S,-0.09595632
cocktail,L455S,-0.12069941
double_vax,L455S,0.06487721
inactivated,L455S,0.021901023
inactivated_with_rna,L455S,-0.009726394
multiple_rna,L455S,0.02516437
rna,L455S,-0.02613652
single_vax,L455S,-0.057971444
unknown,L455S,-0.05265667
vax_with_bivalent,L455S,-0.015469944
vax_with_rna,L455S,-0.096588686
Alpha,L455Y,-0.031058107
Beta,L455Y,-0.022500303
Delta,L455Y,-0.07991193
Epsilon,L455Y,-0.09680135
Gamma,L455Y,-0.052777454
Iota,L455Y,-0.04977353
Lambda,L455Y,0.038168464
Mu,L455Y,-0.13539755
Omicron/BA.1,L455Y,-0.027753606
Omicron/BA.2,L455Y,-0.042779136
Omicron/BA.4+,L455Y,0.010494395
Wild Type,L455Y,-0.013583317
bivalent,L455Y,0.076301955
bivalent_with_rna,L455Y,0.01424004
cocktail,L455Y,-0.038245466
double_vax,L455Y,0.033447143
inactivated,L455Y,0.041033234
inactivated_with_rna,L455Y,0.048715726
multiple_rna,L455Y,0.058870286
rna,L455Y,-0.036260232
single_vax,L455Y,0.03355431
unknown,L455Y,0.08104185
vax_with_bivalent,L455Y,-0.11215554
vax_with_rna,L455Y,0.024939682
Alpha,L54H,-0.029521806
Beta,L54H,-0.048649304
Delta,L54H,0.055609576
Epsilon,L54H,0.12545832
Gamma,L54H,0.11274471
Iota,L54H,0.04796744
Lambda,L54H,-0.054446433
Mu,L54H,-0.054707054
Omicron/BA.1,L54H,-0.05943205
Omicron/BA.2,L54H,-0.062769294
Omicron/BA.4+,L54H,-0.10397719
Wild Type,L54H,0.029291054
bivalent,L54H,-0.11106422
bivalent_with_rna,L54H,-0.04849575
cocktail,L54H,-0.01631451
double_vax,L54H,0.047836144
inactivated,L54H,-0.012365653
inactivated_with_rna,L54H,0.055031456
multiple_rna,L54H,0.0059267627
rna,L54H,-0.02341902
single_vax,L54H,-0.04915591
unknown,L54H,-0.08422037
vax_with_bivalent,L54H,0.0101299565
vax_with_rna,L54H,0.06927921
Alpha,L560Q,0.02693376
Beta,L560Q,-0.0027060863
Delta,L560Q,0.006866362
Epsilon,L560Q,0.08078992
Gamma,L560Q,0.05541364
Iota,L560Q,-0.10150819
Lambda,L560Q,0.046800226
Mu,L560Q,0.057709567
Omicron/BA.1,L560Q,0.044823054
Omicron/BA.2,L560Q,0.06634898
Omicron/BA.4+,L560Q,-0.029285528
Wild Type,L560Q,-0.033809453
bivalent,L560Q,-0.071659386
bivalent_with_rna,L560Q,-0.09794987
cocktail,L560Q,0.06738346
double_vax,L560Q,-0.023820406
inactivated,L560Q,-0.12045499
inactivated_with_rna,L560Q,-0.11972417
multiple_rna,L560Q,0.08636687
rna,L560Q,-0.047115773
single_vax,L560Q,0.0144917015
unknown,L560Q,0.04389122
vax_with_bivalent,L560Q,-0.009400371
vax_with_rna,L560Q,0.028604396
Alpha,L582S,-0.005611648
Beta,L582S,0.0003810872
Delta,L582S,0.0446329
Epsilon,L582S,-0.06071438
Gamma,L582S,0.05348197
Iota,L582S,0.07925607
Lambda,L582S,0.00038429466
Mu,L582S,-0.0730487
Omicron/BA.1,L582S,-0.058226284
Omicron/BA.2,L582S,-0.045300607
Omicron/BA.4+,L582S,-0.042351417
Wild Type,L582S,0.05102208
bivalent,L582S,0.043036453
bivalent_with_rna,L582S,-0.04689953
cocktail,L582S,0.011911586
double_vax,L582S,0.005953804
inactivated,L582S,0.011060871
inactivated_with_rna,L582S,-0.023991816
multiple_rna,L582S,-0.0022857385
rna,L582S,-0.021343969
single_vax,L582S,-0.001014418
unknown,L582S,0.012799205
vax_with_bivalent,L582S,-0.014658102
vax_with_rna,L582S,0.009184251
Alpha,L5F,0.06309537
Beta,L5F,-0.035499733
Delta,L5F,0.006234156
Epsilon,L5F,0.016443858
Gamma,L5F,0.041033804
Iota,L5F,-0.10234198
Lambda,L5F,0.07003168
Mu,L5F,0.022373024
Omicron/BA.1,L5F,-0.0391124
Omicron/BA.2,L5F,-0.0873337
Omicron/BA.4+,L5F,-0.14644638
Wild Type,L5F,-0.11361235
bivalent,L5F,-0.007125059
bivalent_with_rna,L5F,-0.07104322
cocktail,L5F,-0.0011961493
double_vax,L5F,0.025781773
inactivated,L5F,0.069780335
inactivated_with_rna,L5F,0.016491428
multiple_rna,L5F,-0.013246755
rna,L5F,0.11804395
single_vax,L5F,0.016857605
unknown,L5F,-0.021907147
vax_with_bivalent,L5F,0.0027676616
vax_with_rna,L5F,0.009733282
Alpha,L727M,-0.016177591
Beta,L727M,0.072927244
Delta,L727M,0.05900957
Epsilon,L727M,0.00790786
Gamma,L727M,-0.010541579
Iota,L727M,-0.03032006
Lambda,L727M,0.034244876
Mu,L727M,0.025597882
Omicron/BA.1,L727M,0.10826976
Omicron/BA.2,L727M,-0.048980385
Omicron/BA.4+,L727M,0.046225265
Wild Type,L727M,-0.090728976
bivalent,L727M,-0.014179165
bivalent_with_rna,L727M,-0.020942844
cocktail,L727M,-0.07011409
double_vax,L727M,-0.027479462
inactivated,L727M,0.01673927
inactivated_with_rna,L727M,-0.030800492
multiple_rna,L727M,0.071363285
rna,L727M,-0.042284533
single_vax,L727M,0.00448401
unknown,L727M,-0.041925836
vax_with_bivalent,L727M,0.056370296
vax_with_rna,L727M,0.11844046
Alpha,L7F,0.02668894
Beta,L7F,0.013853016
Delta,L7F,0.011100801
Epsilon,L7F,-0.0149683375
Gamma,L7F,0.033804104
Iota,L7F,0.037847664
Lambda,L7F,0.009224711
Mu,L7F,-0.0021933196
Omicron/BA.1,L7F,-0.07038302
Omicron/BA.2,L7F,-0.048058882
Omicron/BA.4+,L7F,-0.06513315
Wild Type,L7F,-0.01873722
bivalent,L7F,0.0598565
bivalent_with_rna,L7F,0.06970699
cocktail,L7F,-0.050170712
double_vax,L7F,4.026969e-05
inactivated,L7F,0.036910005
inactivated_with_rna,L7F,0.014064075
multiple_rna,L7F,0.030390007
rna,L7F,-0.03498204
single_vax,L7F,-0.0007183254
unknown,L7F,-0.0467636
vax_with_bivalent,L7F,-0.009994106
vax_with_rna,L7F,0.0146016255
Alpha,L7V,0.06456774
Beta,L7V,-0.046353295
Delta,L7V,0.07150272
Epsilon,L7V,0.029837236
Gamma,L7V,0.046016812
Iota,L7V,0.028549485
Lambda,L7V,0.042328253
Mu,L7V,-0.1419634
Omicron/BA.1,L7V,0.011316016
Omicron/BA.2,L7V,-0.096436635
Omicron/BA.4+,L7V,-0.10627637
Wild Type,L7V,0.046800617
bivalent,L7V,0.052718803
bivalent_with_rna,L7V,-0.022946123
cocktail,L7V,-0.1425372
double_vax,L7V,0.06964382
inactivated,L7V,0.030247767
inactivated_with_rna,L7V,0.026377166
multiple_rna,L7V,-0.015669564
rna,L7V,0.09113127
single_vax,L7V,0.018159602
unknown,L7V,0.059473284
vax_with_bivalent,L7V,-0.019069789
vax_with_rna,L7V,0.010273561
Alpha,L84I,0.03175129
Beta,L84I,0.026907414
Delta,L84I,-0.04267215
Epsilon,L84I,-0.011205906
Gamma,L84I,-0.077900134
Iota,L84I,-0.052409314
Lambda,L84I,-0.007721478
Mu,L84I,-0.041418523
Omicron/BA.1,L84I,-0.058352493
Omicron/BA.2,L84I,0.023511095
Omicron/BA.4+,L84I,0.023373803
Wild Type,L84I,0.027453678
bivalent,L84I,-0.071150444
bivalent_with_rna,L84I,-0.008396638
cocktail,L84I,0.010521835
double_vax,L84I,0.02168016
inactivated,L84I,0.034283105
inactivated_with_rna,L84I,-0.088504836
multiple_rna,L84I,0.048102356
rna,L84I,-0.007069029
single_vax,L84I,0.017695652
unknown,L84I,0.13276619
vax_with_bivalent,L84I,-0.014381494
vax_with_rna,L84I,-0.09674036
Alpha,L878V,-0.043517884
Beta,L878V,-0.054791264
Delta,L878V,-0.055792402
Epsilon,L878V,0.0430566
Gamma,L878V,0.0390087
Iota,L878V,0.017723713
Lambda,L878V,-0.0074906005
Mu,L878V,-0.07653518
Omicron/BA.1,L878V,0.025699567
Omicron/BA.2,L878V,-0.10558711
Omicron/BA.4+,L878V,-0.06735696
Wild Type,L878V,-0.077549905
bivalent,L878V,0.050143212
bivalent_with_rna,L878V,-0.016479267
cocktail,L878V,0.010298538
double_vax,L878V,0.009679285
inactivated,L878V,-0.007038721
inactivated_with_rna,L878V,0.023629524
multiple_rna,L878V,-0.07277104
rna,L878V,-0.008652073
single_vax,L878V,0.01495425
unknown,L878V,0.0035587633
vax_with_bivalent,L878V,0.032694705
vax_with_rna,L878V,-0.016602403
Alpha,L8A,-0.0001971703
Beta,L8A,-0.0103139635
Delta,L8A,-0.09095876
Epsilon,L8A,0.018750565
Gamma,L8A,0.10278107
Iota,L8A,-0.039656453
Lambda,L8A,-0.041903723
Mu,L8A,-0.05570709
Omicron/BA.1,L8A,0.065009825
Omicron/BA.2,L8A,-0.0050688908
Omicron/BA.4+,L8A,-0.09701031
Wild Type,L8A,-0.01936721
bivalent,L8A,0.09586883
bivalent_with_rna,L8A,0.0046876865
cocktail,L8A,0.09887784
double_vax,L8A,0.012850471
inactivated,L8A,0.032342352
inactivated_with_rna,L8A,0.005411796
multiple_rna,L8A,-0.097567245
rna,L8A,-0.023295531
single_vax,L8A,-0.012406272
unknown,L8A,0.047269672
vax_with_bivalent,L8A,-0.066314735
vax_with_rna,L8A,0.08186879
Alpha,L922Q,-0.08070659
Beta,L922Q,-0.00026456662
Delta,L922Q,-0.061957255
Epsilon,L922Q,-0.046339486
Gamma,L922Q,0.087114066
Iota,L922Q,0.07506433
Lambda,L922Q,0.049797628
Mu,L922Q,0.0520605
Omicron/BA.1,L922Q,-0.13612999
Omicron/BA.2,L922Q,0.0062577943
Omicron/BA.4+,L922Q,-0.050894935
Wild Type,L922Q,-0.0063241627
bivalent,L922Q,0.014840962
bivalent_with_rna,L922Q,-0.017000545
cocktail,L922Q,-0.0011749249
double_vax,L922Q,-0.074828625
inactivated,L922Q,-0.08435152
inactivated_with_rna,L922Q,-0.0772899
multiple_rna,L922Q,-0.094305106
rna,L922Q,-0.01894335
single_vax,L922Q,0.023657262
unknown,L922Q,-0.012189635
vax_with_bivalent,L922Q,-0.047692887
vax_with_rna,L922Q,0.0064723752
Alpha,L981F,0.04521945
Beta,L981F,0.025380393
Delta,L981F,0.024566721
Epsilon,L981F,0.03884771
Gamma,L981F,-0.046845105
Iota,L981F,0.05435098
Lambda,L981F,0.0005236767
Mu,L981F,-0.014850659
Omicron/BA.1,L981F,0.064967304
Omicron/BA.2,L981F,-0.01114205
Omicron/BA.4+,L981F,-0.072865136
Wild Type,L981F,0.0253161
bivalent,L981F,-0.021791656
bivalent_with_rna,L981F,-0.013982007
cocktail,L981F,-0.0056887437
double_vax,L981F,0.03741474
inactivated,L981F,-0.0032663369
inactivated_with_rna,L981F,-0.047753297
multiple_rna,L981F,0.0914566
rna,L981F,0.00879026
single_vax,L981F,0.034458302
unknown,L981F,-0.0061603896
vax_with_bivalent,L981F,-0.07965694
vax_with_rna,L981F,0.002745868
Alpha,L981L,0.017114937
Beta,L981L,0.0793711
Delta,L981L,0.039256886
Epsilon,L981L,-0.07772657
Gamma,L981L,0.07380377
Iota,L981L,-0.003331977
Lambda,L981L,0.05401732
Mu,L981L,0.06335181
Omicron/BA.1,L981L,0.033600185
Omicron/BA.2,L981L,-0.04696311
Omicron/BA.4+,L981L,0.02203004
Wild Type,L981L,0.034335885
bivalent,L981L,0.08120399
bivalent_with_rna,L981L,0.06364729
cocktail,L981L,-0.081215024
double_vax,L981L,-0.03968554
inactivated,L981L,0.0805086
inactivated_with_rna,L981L,0.04469328
multiple_rna,L981L,-0.047717933
rna,L981L,-0.0122667095
single_vax,L981L,-0.025398163
unknown,L981L,-0.08873385
vax_with_bivalent,L981L,0.03126474
vax_with_rna,L981L,-0.10330748
Alpha,M1229I,0.010034668
Beta,M1229I,-0.025551654
Delta,M1229I,-0.11637092
Epsilon,M1229I,-0.13977134
Gamma,M1229I,-0.013502587
Iota,M1229I,0.06311503
Lambda,M1229I,0.017789317
Mu,M1229I,0.04763715
Omicron/BA.1,M1229I,-0.051633667
Omicron/BA.2,M1229I,-0.04535058
Omicron/BA.4+,M1229I,-0.032107297
Wild Type,M1229I,0.00785522
bivalent,M1229I,0.028370786
bivalent_with_rna,M1229I,0.06864501
cocktail,M1229I,-0.03437064
double_vax,M1229I,0.1290033
inactivated,M1229I,-0.016557401
inactivated_with_rna,M1229I,-0.11314788
multiple_rna,M1229I,0.1288953
rna,M1229I,0.006062529
single_vax,M1229I,-0.12926559
unknown,M1229I,-0.05877276
vax_with_bivalent,M1229I,0.07036655
vax_with_rna,M1229I,0.014155446
Alpha,M1233L,0.005039595
Beta,M1233L,0.1309817
Delta,M1233L,0.048667148
Epsilon,M1233L,0.005387877
Gamma,M1233L,-0.0788729
Iota,M1233L,0.018489366
Lambda,M1233L,0.15130828
Mu,M1233L,0.06375825
Omicron/BA.1,M1233L,-0.007876029
Omicron/BA.2,M1233L,0.030572431
Omicron/BA.4+,M1233L,-0.05216492
Wild Type,M1233L,0.012496295
bivalent,M1233L,-0.076842844
bivalent_with_rna,M1233L,0.026498394
cocktail,M1233L,-0.04751932
double_vax,M1233L,0.02348908
inactivated,M1233L,-0.059132457
inactivated_with_rna,M1233L,-0.057504524
multiple_rna,M1233L,-0.020287637
rna,M1233L,-0.052915648
single_vax,M1233L,0.01645884
unknown,M1233L,0.014717264
vax_with_bivalent,M1233L,0.0017022602
vax_with_rna,M1233L,0.053614244
Alpha,M153S,-0.03704251
Beta,M153S,-0.1472718
Delta,M153S,0.057254035
Epsilon,M153S,0.08829638
Gamma,M153S,0.0075832913
Iota,M153S,0.07094231
Lambda,M153S,-0.07641772
Mu,M153S,0.109590404
Omicron/BA.1,M153S,0.044648767
Omicron/BA.2,M153S,0.020258669
Omicron/BA.4+,M153S,0.08796877
Wild Type,M153S,0.10664718
bivalent,M153S,0.02232121
bivalent_with_rna,M153S,-0.034000464
cocktail,M153S,-0.007839901
double_vax,M153S,-0.04285017
inactivated,M153S,-0.097456396
inactivated_with_rna,M153S,0.0056096236
multiple_rna,M153S,-0.08845821
rna,M153S,0.07492521
single_vax,M153S,-0.16573083
unknown,M153S,-0.05065689
vax_with_bivalent,M153S,0.05026906
vax_with_rna,M153S,-0.04184828
Alpha,M153T,0.098316096
Beta,M153T,0.012334174
Delta,M153T,-0.07975457
Epsilon,M153T,0.03740646
Gamma,M153T,0.026207607
Iota,M153T,-0.0633207
Lambda,M153T,-0.088681646
Mu,M153T,-0.2801779
Omicron/BA.1,M153T,0.08074547
Omicron/BA.2,M153T,0.007447659
Omicron/BA.4+,M153T,-0.044706628
Wild Type,M153T,0.02433388
bivalent,M153T,-0.025465641
bivalent_with_rna,M153T,0.029548815
cocktail,M153T,0.018939855
double_vax,M153T,0.037479304
inactivated,M153T,0.014165251
inactivated_with_rna,M153T,0.115588725
multiple_rna,M153T,0.13895443
rna,M153T,-0.043082386
single_vax,M153T,0.09460393
unknown,M153T,-0.047850527
vax_with_bivalent,M153T,0.067725934
vax_with_rna,M153T,0.008076791
Alpha,M153V,-0.0070794513
Beta,M153V,0.052822627
Delta,M153V,0.01568555
Epsilon,M153V,-0.035527237
Gamma,M153V,-0.074668206
Iota,M153V,-0.00023277197
Lambda,M153V,-0.021161487
Mu,M153V,-0.012283303
Omicron/BA.1,M153V,0.0011021891
Omicron/BA.2,M153V,0.13365161
Omicron/BA.4+,M153V,0.033458304
Wild Type,M153V,0.09413956
bivalent,M153V,0.02656584
bivalent_with_rna,M153V,-0.07083368
cocktail,M153V,0.0061860215
double_vax,M153V,0.018275382
inactivated,M153V,0.06665558
inactivated_with_rna,M153V,-0.031626936
multiple_rna,M153V,0.044672247
rna,M153V,0.014337829
single_vax,M153V,0.017815039
unknown,M153V,-0.029501937
vax_with_bivalent,M153V,-0.026982954
vax_with_rna,M153V,0.012965631
Alpha,M177L,-0.06075534
Beta,M177L,-0.0629627
Delta,M177L,-0.09267612
Epsilon,M177L,0.04469519
Gamma,M177L,-0.012598161
Iota,M177L,-0.11052655
Lambda,M177L,0.02433526
Mu,M177L,0.014864624
Omicron/BA.1,M177L,0.03125522
Omicron/BA.2,M177L,0.019019548
Omicron/BA.4+,M177L,-0.10814421
Wild Type,M177L,0.00544711
bivalent,M177L,-0.108621396
bivalent_with_rna,M177L,-0.044825673
cocktail,M177L,0.15142992
double_vax,M177L,0.044433855
inactivated,M177L,-0.037698437
inactivated_with_rna,M177L,-0.011718325
multiple_rna,M177L,0.08878324
rna,M177L,-0.00022316631
single_vax,M177L,0.0356566
unknown,M177L,-0.074489154
vax_with_bivalent,M177L,-0.078507274
vax_with_rna,M177L,0.06294869
Alpha,M1K,-0.020012287
Beta,M1K,-0.016243866
Delta,M1K,0.022371816
Epsilon,M1K,-0.006918926
Gamma,M1K,0.009000534
Iota,M1K,-0.060881417
Lambda,M1K,0.020375885
Mu,M1K,-0.04304059
Omicron/BA.1,M1K,0.038323577
Omicron/BA.2,M1K,0.025580453
Omicron/BA.4+,M1K,-0.0135003915
Wild Type,M1K,-0.044150513
bivalent,M1K,-0.05830364
bivalent_with_rna,M1K,-0.04527801
cocktail,M1K,0.012022278
double_vax,M1K,0.0010061879
inactivated,M1K,0.0182677
inactivated_with_rna,M1K,-0.09038141
multiple_rna,M1K,0.13667406
rna,M1K,-0.06744478
single_vax,M1K,0.10331462
unknown,M1K,-0.020356923
vax_with_bivalent,M1K,-0.08928815
vax_with_rna,M1K,0.009346291
Alpha,M869N,-0.056518592
Beta,M869N,-0.050136067
Delta,M869N,-0.014380589
Epsilon,M869N,-0.06619671
Gamma,M869N,0.036545813
Iota,M869N,-0.0195346
Lambda,M869N,0.025812235
Mu,M869N,0.04324244
Omicron/BA.1,M869N,0.049503192
Omicron/BA.2,M869N,0.037209548
Omicron/BA.4+,M869N,-0.025058279
Wild Type,M869N,-0.06316631
bivalent,M869N,0.078880295
bivalent_with_rna,M869N,0.008336291
cocktail,M869N,0.054250803
double_vax,M869N,-0.06606836
inactivated,M869N,0.06079901
inactivated_with_rna,M869N,-0.03436702
multiple_rna,M869N,0.056233406
rna,M869N,-0.017147176
single_vax,M869N,0.048701808
unknown,M869N,0.0225239
vax_with_bivalent,M869N,-0.02650405
vax_with_rna,M869N,-0.008031506
Alpha,N1074K,-0.0056951903
Beta,N1074K,-0.020845948
Delta,N1074K,-0.023330899
Epsilon,N1074K,0.008577386
Gamma,N1074K,0.08332919
Iota,N1074K,-0.06168867
Lambda,N1074K,-0.038137846
Mu,N1074K,-0.043803222
Omicron/BA.1,N1074K,0.033738263
Omicron/BA.2,N1074K,0.06307543
Omicron/BA.4+,N1074K,-0.081575245
Wild Type,N1074K,0.065246634
bivalent,N1074K,0.019042814
bivalent_with_rna,N1074K,-0.037788663
cocktail,N1074K,-0.029959442
double_vax,N1074K,-0.028356604
inactivated,N1074K,-0.031657964
inactivated_with_rna,N1074K,0.09922899
multiple_rna,N1074K,-0.0035768244
rna,N1074K,-0.0589701
single_vax,N1074K,0.007816387
unknown,N1074K,0.15367639
vax_with_bivalent,N1074K,0.04057856
vax_with_rna,N1074K,0.026126094
Alpha,N1125S,0.03240674
Beta,N1125S,-0.09490376
Delta,N1125S,-0.084441274
Epsilon,N1125S,0.01142514
Gamma,N1125S,0.017432261
Iota,N1125S,0.018013591
Lambda,N1125S,0.0520769
Mu,N1125S,0.0052189254
Omicron/BA.1,N1125S,-0.0012302091
Omicron/BA.2,N1125S,-0.045809243
Omicron/BA.4+,N1125S,-0.013441863
Wild Type,N1125S,0.040745877
bivalent,N1125S,-0.012170791
bivalent_with_rna,N1125S,0.017891165
cocktail,N1125S,-0.003309534
double_vax,N1125S,0.23206304
inactivated,N1125S,0.033340205
inactivated_with_rna,N1125S,0.055856843
multiple_rna,N1125S,0.033222113
rna,N1125S,-0.0015682913
single_vax,N1125S,-0.06854173
unknown,N1125S,0.0065254746
vax_with_bivalent,N1125S,0.0025320947
vax_with_rna,N1125S,0.04291041
Alpha,N137D,0.06765452
Beta,N137D,-0.0354957
Delta,N137D,0.03176107
Epsilon,N137D,0.019482717
Gamma,N137D,-0.03671743
Iota,N137D,-0.0026532803
Lambda,N137D,0.010348745
Mu,N137D,-0.0012728353
Omicron/BA.1,N137D,0.059404556
Omicron/BA.2,N137D,0.016533611
Omicron/BA.4+,N137D,-0.009894204
Wild Type,N137D,0.020207025
bivalent,N137D,0.11372248
bivalent_with_rna,N137D,-0.08399734
cocktail,N137D,0.0431095
double_vax,N137D,-0.052019056
inactivated,N137D,-0.054993056
inactivated_with_rna,N137D,-0.039700467
multiple_rna,N137D,-0.0078039872
rna,N137D,-0.038768355
single_vax,N137D,0.012823472
unknown,N137D,0.04934978
vax_with_bivalent,N137D,-0.07965076
vax_with_rna,N137D,0.050720714
Alpha,N137T,0.0076046274
Beta,N137T,0.07462674
Delta,N137T,0.036131214
Epsilon,N137T,0.019986905
Gamma,N137T,-0.055020407
Iota,N137T,0.021112498
Lambda,N137T,0.023703177
Mu,N137T,0.034041032
Omicron/BA.1,N137T,-0.06125669
Omicron/BA.2,N137T,0.0069527347
Omicron/BA.4+,N137T,-0.048511446
Wild Type,N137T,0.09053477
bivalent,N137T,-0.029840853
bivalent_with_rna,N137T,-0.049090706
cocktail,N137T,0.097049445
double_vax,N137T,-0.0078065144
inactivated,N137T,0.012899615
inactivated_with_rna,N137T,0.03437636
multiple_rna,N137T,-0.03748009
rna,N137T,0.008031037
single_vax,N137T,-0.017068118
unknown,N137T,0.040715307
vax_with_bivalent,N137T,-0.020363979
vax_with_rna,N137T,0.0003843694
Alpha,N137Y,0.124926165
Beta,N137Y,0.007838952
Delta,N137Y,-0.09266895
Epsilon,N137Y,0.06980197
Gamma,N137Y,-0.032849543
Iota,N137Y,0.18250519
Lambda,N137Y,-0.05457745
Mu,N137Y,0.045346364
Omicron/BA.1,N137Y,-0.06367824
Omicron/BA.2,N137Y,0.03846091
Omicron/BA.4+,N137Y,-0.109167345
Wild Type,N137Y,-0.03630171
bivalent,N137Y,-0.057946496
bivalent_with_rna,N137Y,0.056374725
cocktail,N137Y,0.16357964
double_vax,N137Y,0.07721065
inactivated,N137Y,0.015897525
inactivated_with_rna,N137Y,-0.011179788
multiple_rna,N137Y,-0.056149267
rna,N137Y,0.005311044
single_vax,N137Y,0.04633136
unknown,N137Y,-0.05888755
vax_with_bivalent,N137Y,-0.005717827
vax_with_rna,N137Y,-0.053451054
Alpha,N148M,-0.15217055
Beta,N148M,0.011010166
Delta,N148M,-0.033717863
Epsilon,N148M,0.0080178045
Gamma,N148M,0.08884097
Iota,N148M,-0.020046506
Lambda,N148M,0.05877634
Mu,N148M,0.08185804
Omicron/BA.1,N148M,-0.074202746
Omicron/BA.2,N148M,-0.0020159893
Omicron/BA.4+,N148M,-0.010330839
Wild Type,N148M,0.035112005
bivalent,N148M,-0.021491421
bivalent_with_rna,N148M,-0.059372682
cocktail,N148M,-0.07970473
double_vax,N148M,0.0016698358
inactivated,N148M,0.027773105
inactivated_with_rna,N148M,0.05888453
multiple_rna,N148M,-0.027185906
rna,N148M,-0.041750375
single_vax,N148M,-0.01638142
unknown,N148M,-0.010372024
vax_with_bivalent,N148M,-0.014039538
vax_with_rna,N148M,-0.123545654
Alpha,N149G,-0.011846917
Beta,N149G,-0.017357705
Delta,N149G,-0.008661061
Epsilon,N149G,-0.058172334
Gamma,N149G,0.030432772
Iota,N149G,0.08550705
Lambda,N149G,0.0066094454
Mu,N149G,0.0661179
Omicron/BA.1,N149G,0.06967994
Omicron/BA.2,N149G,-0.013870125
Omicron/BA.4+,N149G,-0.05049272
Wild Type,N149G,-0.031121308
bivalent,N149G,-0.012574838
bivalent_with_rna,N149G,0.05974833
cocktail,N149G,0.034310192
double_vax,N149G,-0.05187286
inactivated,N149G,-0.106625326
inactivated_with_rna,N149G,-0.03939242
multiple_rna,N149G,-0.051414274
rna,N149G,-0.004004193
single_vax,N149G,-0.006557026
unknown,N149G,-0.07994754
vax_with_bivalent,N149G,0.030008843
vax_with_rna,N149G,-0.09703655
Alpha,N149K,-0.008518886
Beta,N149K,0.12094453
Delta,N149K,-0.022235911
Epsilon,N149K,-0.057775192
Gamma,N149K,-0.019597296
Iota,N149K,-0.02337073
Lambda,N149K,-0.051835142
Mu,N149K,-0.036437944
Omicron/BA.1,N149K,-0.013879655
Omicron/BA.2,N149K,-0.0036021885
Omicron/BA.4+,N149K,-0.06070645
Wild Type,N149K,-0.033573736
bivalent,N149K,0.10376308
bivalent_with_rna,N149K,-0.1353326
cocktail,N149K,-0.030654695
double_vax,N149K,0.026466912
inactivated,N149K,0.0029631644
inactivated_with_rna,N149K,0.047146842
multiple_rna,N149K,0.017370755
rna,N149K,0.048168495
single_vax,N149K,-0.03209669
unknown,N149K,0.056311976
vax_with_bivalent,N149K,0.035284456
vax_with_rna,N149K,0.006091331
Alpha,N164A,-0.09406766
Beta,N164A,-0.11355302
Delta,N164A,-0.015208436
Epsilon,N164A,0.0569879
Gamma,N164A,0.054863565
Iota,N164A,-0.06528908
Lambda,N164A,0.026692457
Mu,N164A,0.13595286
Omicron/BA.1,N164A,0.0069278306
Omicron/BA.2,N164A,0.06559016
Omicron/BA.4+,N164A,-0.04845058
Wild Type,N164A,-0.014706712
bivalent,N164A,-0.06194015
bivalent_with_rna,N164A,0.035088044
cocktail,N164A,0.00014835503
double_vax,N164A,-0.0007746881
inactivated,N164A,0.101676784
inactivated_with_rna,N164A,-0.03423007
multiple_rna,N164A,-0.0523617
rna,N164A,0.02116682
single_vax,N164A,0.12200209
unknown,N164A,-0.023631513
vax_with_bivalent,N164A,-0.028199427
vax_with_rna,N164A,-0.048114497
Alpha,N164F,0.03695329
Beta,N164F,0.02956411
Delta,N164F,0.095884
Epsilon,N164F,0.0782355
Gamma,N164F,0.03897566
Iota,N164F,-0.04406795
Lambda,N164F,0.073045954
Mu,N164F,-0.04883747
Omicron/BA.1,N164F,-0.018582344
Omicron/BA.2,N164F,0.0014758925
Omicron/BA.4+,N164F,-0.006161619
Wild Type,N164F,0.056094654
bivalent,N164F,0.037978496
bivalent_with_rna,N164F,-0.025107548
cocktail,N164F,0.0074823024
double_vax,N164F,-0.06700785
inactivated,N164F,-0.074715234
inactivated_with_rna,N164F,-0.13458602
multiple_rna,N164F,-0.023002058
rna,N164F,-0.03755178
single_vax,N164F,0.024483247
unknown,N164F,0.018220538
vax_with_bivalent,N164F,0.008859456
vax_with_rna,N164F,-0.049614735
Alpha,N164K,-0.050011214
Beta,N164K,0.055275925
Delta,N164K,0.018131368
Epsilon,N164K,0.058848757
Gamma,N164K,-0.0845339
Iota,N164K,0.023977099
Lambda,N164K,-0.11342392
Mu,N164K,0.0053363987
Omicron/BA.1,N164K,0.019178156
Omicron/BA.2,N164K,0.04827669
Omicron/BA.4+,N164K,-0.031359665
Wild Type,N164K,-0.03063817
bivalent,N164K,-0.054217704
bivalent_with_rna,N164K,0.11246474
cocktail,N164K,0.18936881
double_vax,N164K,0.04764077
inactivated,N164K,0.08919498
inactivated_with_rna,N164K,0.023707503
multiple_rna,N164K,0.016627762
rna,N164K,0.09868133
single_vax,N164K,0.017029
unknown,N164K,0.05651307
vax_with_bivalent,N164K,0.06661612
vax_with_rna,N164K,-0.065557376
Alpha,N17K,-0.06871442
Beta,N17K,-0.0427765
Delta,N17K,-0.0053255167
Epsilon,N17K,0.0047627464
Gamma,N17K,-0.059366062
Iota,N17K,-0.028449055
Lambda,N17K,-0.072321124
Mu,N17K,-0.07292452
Omicron/BA.1,N17K,-0.04370548
Omicron/BA.2,N17K,-0.016798418
Omicron/BA.4+,N17K,0.035348684
Wild Type,N17K,-0.032758564
bivalent,N17K,0.0025160136
bivalent_with_rna,N17K,0.088486254
cocktail,N17K,0.028833188
double_vax,N17K,0.076204024
inactivated,N17K,0.03118481
inactivated_with_rna,N17K,0.12890778
multiple_rna,N17K,-0.05174766
rna,N17K,-0.045720972
single_vax,N17K,-0.053214457
unknown,N17K,-0.023900002
vax_with_bivalent,N17K,0.05800856
vax_with_rna,N17K,0.046922844
Alpha,N17R,-0.045502353
Beta,N17R,0.053249247
Delta,N17R,0.01655096
Epsilon,N17R,-0.07559282
Gamma,N17R,-0.08207555
Iota,N17R,-0.003199088
Lambda,N17R,-0.0030249832
Mu,N17R,0.082360804
Omicron/BA.1,N17R,-0.03419002
Omicron/BA.2,N17R,0.14746095
Omicron/BA.4+,N17R,0.062009662
Wild Type,N17R,-0.047388095
bivalent,N17R,-0.062575415
bivalent_with_rna,N17R,0.06889558
cocktail,N17R,0.039563313
double_vax,N17R,-0.10287765
inactivated,N17R,0.071922734
inactivated_with_rna,N17R,0.011048613
multiple_rna,N17R,-0.016503412
rna,N17R,-0.014398639
single_vax,N17R,0.028974948
unknown,N17R,-0.11861655
vax_with_bivalent,N17R,-0.013124355
vax_with_rna,N17R,-0.01792817
Alpha,N185L,0.058725744
Beta,N185L,0.0282311
Delta,N185L,-0.05903031
Epsilon,N185L,-0.054449454
Gamma,N185L,-0.005229783
Iota,N185L,-0.05328086
Lambda,N185L,-0.12297821
Mu,N185L,0.011497578
Omicron/BA.1,N185L,0.07827379
Omicron/BA.2,N185L,-0.015069595
Omicron/BA.4+,N185L,-0.059270922
Wild Type,N185L,0.014359788
bivalent,N185L,0.017557912
bivalent_with_rna,N185L,-0.008191566
cocktail,N185L,0.11059181
double_vax,N185L,-0.04762962
inactivated,N185L,-0.05057822
inactivated_with_rna,N185L,-0.082795344
multiple_rna,N185L,-0.034308203
rna,N185L,-0.048443545
single_vax,N185L,-0.021173382
unknown,N185L,0.005586179
vax_with_bivalent,N185L,0.05301737
vax_with_rna,N185L,-0.17522435
Alpha,N188D,-0.027796075
Beta,N188D,-0.031266473
Delta,N188D,-0.070068106
Epsilon,N188D,0.018286847
Gamma,N188D,0.096794784
Iota,N188D,-0.00965168
Lambda,N188D,-0.030304935
Mu,N188D,-0.07161051
Omicron/BA.1,N188D,-0.05326412
Omicron/BA.2,N188D,0.036910623
Omicron/BA.4+,N188D,0.014631523
Wild Type,N188D,-0.0789423
bivalent,N188D,-0.11491313
bivalent_with_rna,N188D,-0.0395691
cocktail,N188D,0.014440157
double_vax,N188D,0.04219064
inactivated,N188D,-0.0021369178
inactivated_with_rna,N188D,-0.028069813
multiple_rna,N188D,0.15135854
rna,N188D,-0.061005622
single_vax,N188D,0.031316612
unknown,N188D,0.11962884
vax_with_bivalent,N188D,-0.014726505
vax_with_rna,N188D,-0.014813352
Alpha,N188H,-0.020657724
Beta,N188H,-0.015813116
Delta,N188H,0.056495354
Epsilon,N188H,-0.03145827
Gamma,N188H,-0.053433463
Iota,N188H,0.039480798
Lambda,N188H,0.01284402
Mu,N188H,0.035913467
Omicron/BA.1,N188H,0.026096454
Omicron/BA.2,N188H,0.026939344
Omicron/BA.4+,N188H,-0.042196017
Wild Type,N188H,-0.042182803
bivalent,N188H,0.057192326
bivalent_with_rna,N188H,-0.055815525
cocktail,N188H,0.049871683
double_vax,N188H,-0.011605329
inactivated,N188H,0.018028691
inactivated_with_rna,N188H,0.035571836
multiple_rna,N188H,0.066288166
rna,N188H,-0.03733826
single_vax,N188H,0.034588404
unknown,N188H,0.08490482
vax_with_bivalent,N188H,0.076684944
vax_with_rna,N188H,0.04682761
Alpha,N188T,0.010324543
Beta,N188T,-0.061291233
Delta,N188T,-0.06725676
Epsilon,N188T,0.020138968
Gamma,N188T,0.02368808
Iota,N188T,0.030364169
Lambda,N188T,0.07307633
Mu,N188T,0.036390938
Omicron/BA.1,N188T,0.019877873
Omicron/BA.2,N188T,-0.031480826
Omicron/BA.4+,N188T,0.049049936
Wild Type,N188T,-0.19887248
bivalent,N188T,-0.026617618
bivalent_with_rna,N188T,-0.09371628
cocktail,N188T,0.052217934
double_vax,N188T,0.05514316
inactivated,N188T,0.034481578
inactivated_with_rna,N188T,0.016136283
multiple_rna,N188T,-0.06814878
rna,N188T,0.07784964
single_vax,N188T,0.07989874
unknown,N188T,0.011745588
vax_with_bivalent,N188T,0.023531908
vax_with_rna,N188T,-0.011731036
Alpha,N211D,-0.046818115
Beta,N211D,0.037787303
Delta,N211D,0.019733142
Epsilon,N211D,-0.05877593
Gamma,N211D,0.034266606
Iota,N211D,0.030819139
Lambda,N211D,0.042979546
Mu,N211D,-0.17381789
Omicron/BA.1,N211D,0.042271666
Omicron/BA.2,N211D,-0.003352142
Omicron/BA.4+,N211D,-0.049440194
Wild Type,N211D,-0.03111864
bivalent,N211D,-0.02860703
bivalent_with_rna,N211D,-0.021127988
cocktail,N211D,0.14199172
double_vax,N211D,0.004046887
inactivated,N211D,0.02772481
inactivated_with_rna,N211D,0.08182817
multiple_rna,N211D,0.015591697
rna,N211D,-0.035079535
single_vax,N211D,0.033930093
unknown,N211D,-0.061136916
vax_with_bivalent,N211D,-0.11685095
vax_with_rna,N211D,0.07353677
Alpha,N211I,0.062237848
Beta,N211I,-0.09062444
Delta,N211I,0.016188648
Epsilon,N211I,-0.06769593
Gamma,N211I,0.008096949
Iota,N211I,-0.110693656
Lambda,N211I,0.0015853057
Mu,N211I,0.07175733
Omicron/BA.1,N211I,0.06509552
Omicron/BA.2,N211I,-0.073503755
Omicron/BA.4+,N211I,0.035477385
Wild Type,N211I,0.02866361
bivalent,N211I,0.12602302
bivalent_with_rna,N211I,-0.057706155
cocktail,N211I,0.04147759
double_vax,N211I,0.046774462
inactivated,N211I,0.14329074
inactivated_with_rna,N211I,0.0023085708
multiple_rna,N211I,0.005082965
rna,N211I,-0.059600342
single_vax,N211I,0.0676291
unknown,N211I,-0.15626365
vax_with_bivalent,N211I,-0.02048435
vax_with_rna,N211I,0.0051543475
Alpha,N211S,0.032670286
Beta,N211S,-0.0137797985
Delta,N211S,0.018211354
Epsilon,N211S,0.044161525
Gamma,N211S,-0.055033688
Iota,N211S,0.14365792
Lambda,N211S,0.077034
Mu,N211S,0.031862464
Omicron/BA.1,N211S,-0.07151416
Omicron/BA.2,N211S,0.03459675
Omicron/BA.4+,N211S,-0.026625527
Wild Type,N211S,-0.08963109
bivalent,N211S,-0.050153248
bivalent_with_rna,N211S,0.032239538
cocktail,N211S,-0.09178004
double_vax,N211S,-0.05767502
inactivated,N211S,-0.044396054
inactivated_with_rna,N211S,-0.03800559
multiple_rna,N211S,0.0054221232
rna,N211S,-0.006092759
single_vax,N211S,-0.01868992
unknown,N211S,-0.021932643
vax_with_bivalent,N211S,-0.05225245
vax_with_rna,N211S,0.03720162
Alpha,N280D,0.0053236173
Beta,N280D,0.105442494
Delta,N280D,-0.068752594
Epsilon,N280D,0.052656256
Gamma,N280D,0.16327964
Iota,N280D,-0.06891219
Lambda,N280D,0.10723869
Mu,N280D,0.043623947
Omicron/BA.1,N280D,-0.036948316
Omicron/BA.2,N280D,0.014708801
Omicron/BA.4+,N280D,0.07037099
Wild Type,N280D,-0.005994674
bivalent,N280D,0.09609857
bivalent_with_rna,N280D,0.0014823775
cocktail,N280D,-0.06431374
double_vax,N280D,-0.06643525
inactivated,N280D,-0.04009649
inactivated_with_rna,N280D,0.05672942
multiple_rna,N280D,-0.12181312
rna,N280D,-0.035968695
single_vax,N280D,-0.013864903
unknown,N280D,-0.028286085
vax_with_bivalent,N280D,0.035855234
vax_with_rna,N280D,-0.0019684578
Alpha,N30ins,0.066681884
Beta,N30ins,-0.023565046
Delta,N30ins,0.033217072
Epsilon,N30ins,0.01754296
Gamma,N30ins,0.01656289
Iota,N30ins,0.013421016
Lambda,N30ins,-0.045047432
Mu,N30ins,-0.042127594
Omicron/BA.1,N30ins,0.10975344
Omicron/BA.2,N30ins,0.017819759
Omicron/BA.4+,N30ins,-0.040610965
Wild Type,N30ins,-0.034943048
bivalent,N30ins,-0.046063576
bivalent_with_rna,N30ins,-0.03420056
cocktail,N30ins,-0.09928212
double_vax,N30ins,0.040847145
inactivated,N30ins,-0.07962195
inactivated_with_rna,N30ins,0.04511776
multiple_rna,N30ins,-0.043916598
rna,N30ins,-0.021308102
single_vax,N30ins,0.01108065
unknown,N30ins,-0.024821157
vax_with_bivalent,N30ins,0.013317374
vax_with_rna,N30ins,0.019690976
Alpha,N354E,0.09560941
Beta,N354E,-0.047017273
Delta,N354E,-0.069689736
Epsilon,N354E,0.019150171
Gamma,N354E,-0.056153037
Iota,N354E,0.00909098
Lambda,N354E,0.009477011
Mu,N354E,-0.10714397
Omicron/BA.1,N354E,0.09656116
Omicron/BA.2,N354E,-0.05604507
Omicron/BA.4+,N354E,0.088995114
Wild Type,N354E,-0.003554225
bivalent,N354E,0.0064102835
bivalent_with_rna,N354E,0.039349895
cocktail,N354E,0.06462657
double_vax,N354E,0.0039490685
inactivated,N354E,-0.056950863
inactivated_with_rna,N354E,-0.016820634
multiple_rna,N354E,0.04971175
rna,N354E,-0.046479438
single_vax,N354E,0.011603201
unknown,N354E,-0.028406013
vax_with_bivalent,N354E,0.037303686
vax_with_rna,N354E,-0.03354451
Alpha,N394S,-0.02095626
Beta,N394S,-0.00718167
Delta,N394S,-0.110699825
Epsilon,N394S,0.018879563
Gamma,N394S,-0.021226011
Iota,N394S,0.01642977
Lambda,N394S,0.05039914
Mu,N394S,0.08853525
Omicron/BA.1,N394S,-0.1041708
Omicron/BA.2,N394S,0.08622518
Omicron/BA.4+,N394S,-0.090785325
Wild Type,N394S,-0.0027812205
bivalent,N394S,0.025884174
bivalent_with_rna,N394S,-0.024694879
cocktail,N394S,-0.05152994
double_vax,N394S,-0.10838808
inactivated,N394S,-0.10050145
inactivated_with_rna,N394S,0.05719593
multiple_rna,N394S,0.08813929
rna,N394S,0.009699966
single_vax,N394S,-0.0033508365
unknown,N394S,0.033598147
vax_with_bivalent,N394S,-0.017719701
vax_with_rna,N394S,-0.0126394555
Alpha,N439K,0.010527699
Beta,N439K,-0.0766255
Delta,N439K,-0.028563928
Epsilon,N439K,-0.114338696
Gamma,N439K,-0.017959524
Iota,N439K,0.020208959
Lambda,N439K,0.022068776
Mu,N439K,-0.001977173
Omicron/BA.1,N439K,0.07289727
Omicron/BA.2,N439K,-0.026307432
Omicron/BA.4+,N439K,0.15009525
Wild Type,N439K,0.082762666
bivalent,N439K,-0.036444306
bivalent_with_rna,N439K,0.08267233
cocktail,N439K,-0.014110946
double_vax,N439K,-0.05975094
inactivated,N439K,-0.027296782
inactivated_with_rna,N439K,-0.07970917
multiple_rna,N439K,-0.030569866
rna,N439K,0.017126355
single_vax,N439K,0.06382785
unknown,N439K,0.03241829
vax_with_bivalent,N439K,-0.05227722
vax_with_rna,N439K,0.024310274
Alpha,N439R,-0.022520773
Beta,N439R,-0.0007081684
Delta,N439R,-0.01470133
Epsilon,N439R,-0.064550176
Gamma,N439R,-0.08133652
Iota,N439R,0.023794796
Lambda,N439R,-0.012385242
Mu,N439R,-0.11275362
Omicron/BA.1,N439R,0.00016644783
Omicron/BA.2,N439R,0.030792883
Omicron/BA.4+,N439R,-0.0020644078
Wild Type,N439R,0.039824713
bivalent,N439R,0.021750616
bivalent_with_rna,N439R,0.016941153
cocktail,N439R,-0.05954627
double_vax,N439R,0.0022377076
inactivated,N439R,0.12400244
inactivated_with_rna,N439R,-0.00046537118
multiple_rna,N439R,-0.019109264
rna,N439R,-0.038998056
single_vax,N439R,0.024448622
unknown,N439R,0.106933676
vax_with_bivalent,N439R,0.09135081
vax_with_rna,N439R,-0.04163884
Alpha,N439V,0.12945172
Beta,N439V,0.025746554
Delta,N439V,0.045081783
Epsilon,N439V,-9.688223e-05
Gamma,N439V,0.0018687751
Iota,N439V,0.0013988363
Lambda,N439V,0.046435528
Mu,N439V,0.032092452
Omicron/BA.1,N439V,0.086739466
Omicron/BA.2,N439V,0.003484344
Omicron/BA.4+,N439V,0.05156944
Wild Type,N439V,-0.05751709
bivalent,N439V,0.051786553
bivalent_with_rna,N439V,-0.0865971
cocktail,N439V,0.0054164063
double_vax,N439V,-0.09381391
inactivated,N439V,0.0072999685
inactivated_with_rna,N439V,0.029569441
multiple_rna,N439V,-0.024874374
rna,N439V,-0.0107953735
single_vax,N439V,0.022547672
unknown,N439V,-0.08888217
vax_with_bivalent,N439V,-0.016529605
vax_with_rna,N439V,-0.007214641
Alpha,N440K,0.1016453
Beta,N440K,0.07734896
Delta,N440K,0.023608437
Epsilon,N440K,-0.03509264
Gamma,N440K,0.006303965
Iota,N440K,-0.06224648
Lambda,N440K,0.06651813
Mu,N440K,-0.047684975
Omicron/BA.1,N440K,-0.030442184
Omicron/BA.2,N440K,-0.06142135
Omicron/BA.4+,N440K,-0.016596427
Wild Type,N440K,0.009386022
bivalent,N440K,0.0056080283
bivalent_with_rna,N440K,0.020111647
cocktail,N440K,0.011152741
double_vax,N440K,0.03045268
inactivated,N440K,0.008688987
inactivated_with_rna,N440K,-0.015362997
multiple_rna,N440K,0.0018719034
rna,N440K,0.015083279
single_vax,N440K,0.029237911
unknown,N440K,-0.0021214182
vax_with_bivalent,N440K,-0.012710733
vax_with_rna,N440K,0.0578355
Alpha,N440N,0.040174443
Beta,N440N,0.049945142
Delta,N440N,-0.057997387
Epsilon,N440N,0.03472797
Gamma,N440N,0.08945425
Iota,N440N,0.05980397
Lambda,N440N,0.054708466
Mu,N440N,-0.07452579
Omicron/BA.1,N440N,0.011844514
Omicron/BA.2,N440N,-0.075582124
Omicron/BA.4+,N440N,-0.02751847
Wild Type,N440N,0.042738408
bivalent,N440N,-0.013000452
bivalent_with_rna,N440N,0.10033769
cocktail,N440N,0.026921688
double_vax,N440N,-0.037959293
inactivated,N440N,-0.019502483
inactivated_with_rna,N440N,-0.086782694
multiple_rna,N440N,0.0044304635
rna,N440N,-0.116489686
single_vax,N440N,0.07860316
unknown,N440N,0.04638254
vax_with_bivalent,N440N,0.0043644356
vax_with_rna,N440N,-0.09897289
Alpha,N450D,0.034147188
Beta,N450D,-0.022734571
Delta,N450D,0.07184876
Epsilon,N450D,0.010334662
Gamma,N450D,0.024161542
Iota,N450D,-0.15130539
Lambda,N450D,0.07079637
Mu,N450D,0.09075551
Omicron/BA.1,N450D,0.093165845
Omicron/BA.2,N450D,-0.036417946
Omicron/BA.4+,N450D,0.032736786
Wild Type,N450D,0.03801425
bivalent,N450D,0.100545235
bivalent_with_rna,N450D,0.0993742
cocktail,N450D,0.029547319
double_vax,N450D,0.023563702
inactivated,N450D,-0.04727757
inactivated_with_rna,N450D,-0.053049512
multiple_rna,N450D,0.050444134
rna,N450D,-0.0027952
single_vax,N450D,0.033676945
unknown,N450D,-0.0907614
vax_with_bivalent,N450D,-0.009826651
vax_with_rna,N450D,0.014771555
Alpha,N450G,0.062328957
Beta,N450G,0.057568535
Delta,N450G,0.05774632
Epsilon,N450G,-0.004829654
Gamma,N450G,-0.015382278
Iota,N450G,0.10716671
Lambda,N450G,-0.014040149
Mu,N450G,-0.023758247
Omicron/BA.1,N450G,0.00073459395
Omicron/BA.2,N450G,-0.020648474
Omicron/BA.4+,N450G,0.074804135
Wild Type,N450G,-0.022758814
bivalent,N450G,0.03418546
bivalent_with_rna,N450G,-0.006140705
cocktail,N450G,-0.1216367
double_vax,N450G,-0.057327744
inactivated,N450G,-0.03257434
inactivated_with_rna,N450G,-0.038729094
multiple_rna,N450G,0.07919011
rna,N450G,0.022328071
single_vax,N450G,-0.117967695
unknown,N450G,0.030955236
vax_with_bivalent,N450G,-0.03912307
vax_with_rna,N450G,-0.05976348
Alpha,N450K,0.013838227
Beta,N450K,0.04343354
Delta,N450K,0.032713633
Epsilon,N450K,-0.003226135
Gamma,N450K,0.09008192
Iota,N450K,0.08698817
Lambda,N450K,0.040506594
Mu,N450K,-0.09588022
Omicron/BA.1,N450K,-0.04746042
Omicron/BA.2,N450K,0.09260954
Omicron/BA.4+,N450K,0.051756267
Wild Type,N450K,-0.011057515
bivalent,N450K,-0.029047921
bivalent_with_rna,N450K,-0.07446016
cocktail,N450K,-0.02500337
double_vax,N450K,0.008633548
inactivated,N450K,-0.117098086
inactivated_with_rna,N450K,-0.023400268
multiple_rna,N450K,-0.0063255997
rna,N450K,0.0321563
single_vax,N450K,0.046099253
unknown,N450K,-0.08128088
vax_with_bivalent,N450K,-0.07792179
vax_with_rna,N450K,-0.040126562
Alpha,N460K,0.09839007
Beta,N460K,0.18570459
Delta,N460K,0.101671055
Epsilon,N460K,0.1578283
Gamma,N460K,0.14964733
Iota,N460K,0.10368472
Lambda,N460K,0.18185319
Mu,N460K,0.07079627
Omicron/BA.1,N460K,0.13249382
Omicron/BA.2,N460K,0.09577256
Omicron/BA.4+,N460K,0.10717009
Wild Type,N460K,0.20929147
bivalent,N460K,0.14889224
bivalent_with_rna,N460K,0.1575485
cocktail,N460K,0.16002505
double_vax,N460K,0.12294408
inactivated,N460K,0.17577091
inactivated_with_rna,N460K,0.19401398
multiple_rna,N460K,0.13879666
rna,N460K,0.15016076
single_vax,N460K,0.16347231
unknown,N460K,0.13465323
vax_with_bivalent,N460K,0.1840146
vax_with_rna,N460K,0.12509152
Alpha,N481K,-0.06077331
Beta,N481K,0.0066790935
Delta,N481K,0.016209267
Epsilon,N481K,-0.049117178
Gamma,N481K,-0.11102979
Iota,N481K,0.048169516
Lambda,N481K,-0.003702812
Mu,N481K,0.013785658
Omicron/BA.1,N481K,-0.011641186
Omicron/BA.2,N481K,0.012955046
Omicron/BA.4+,N481K,0.00041092513
Wild Type,N481K,-0.06062746
bivalent,N481K,0.051056422
bivalent_with_rna,N481K,0.07337734
cocktail,N481K,0.057069894
double_vax,N481K,0.0028613321
inactivated,N481K,0.004182929
inactivated_with_rna,N481K,0.040894747
multiple_rna,N481K,-0.038598396
rna,N481K,-0.022917178
single_vax,N481K,-0.0098393215
unknown,N481K,0.00904883
vax_with_bivalent,N481K,-0.00057570596
vax_with_rna,N481K,0.049426816
Alpha,N481T,-0.04244525
Beta,N481T,0.037242047
Delta,N481T,-0.027770344
Epsilon,N481T,0.024059104
Gamma,N481T,0.0606498
Iota,N481T,0.09384955
Lambda,N481T,0.016843498
Mu,N481T,-0.03252247
Omicron/BA.1,N481T,-0.016156308
Omicron/BA.2,N481T,0.013953708
Omicron/BA.4+,N481T,0.017572187
Wild Type,N481T,-0.06412958
bivalent,N481T,-0.038235243
bivalent_with_rna,N481T,-0.0120362425
cocktail,N481T,-0.018477395
double_vax,N481T,-0.0017268141
inactivated,N481T,0.018049816
inactivated_with_rna,N481T,-0.0104689
multiple_rna,N481T,0.034748346
rna,N481T,-0.025049359
single_vax,N481T,-0.0012245476
unknown,N481T,0.09047116
vax_with_bivalent,N481T,-0.05680336
vax_with_rna,N481T,-0.0855575
Alpha,N501N,0.032196317
Beta,N501N,-0.027510095
Delta,N501N,-0.023021862
Epsilon,N501N,-0.011578515
Gamma,N501N,0.011333294
Iota,N501N,-0.066697836
Lambda,N501N,0.027688798
Mu,N501N,-0.10737417
Omicron/BA.1,N501N,0.0073706135
Omicron/BA.2,N501N,-0.050631285
Omicron/BA.4+,N501N,0.032038663
Wild Type,N501N,0.035039052
bivalent,N501N,0.12913199
bivalent_with_rna,N501N,-0.006460256
cocktail,N501N,-0.08942996
double_vax,N501N,0.013443798
inactivated,N501N,-0.06860013
inactivated_with_rna,N501N,-0.11024393
multiple_rna,N501N,0.02873676
rna,N501N,0.03705854
single_vax,N501N,0.021592734
unknown,N501N,-0.05920511
vax_with_bivalent,N501N,-0.012887851
vax_with_rna,N501N,0.021215033
Alpha,N501T,0.03097754
Beta,N501T,0.07029309
Delta,N501T,0.039069325
Epsilon,N501T,0.020667456
Gamma,N501T,0.08892464
Iota,N501T,-0.016197808
Lambda,N501T,0.08339185
Mu,N501T,0.008115645
Omicron/BA.1,N501T,-0.059906878
Omicron/BA.2,N501T,0.09501601
Omicron/BA.4+,N501T,0.0754033
Wild Type,N501T,0.06022933
bivalent,N501T,0.07170932
bivalent_with_rna,N501T,0.03307535
cocktail,N501T,-0.06230426
double_vax,N501T,-0.027460312
inactivated,N501T,0.036263824
inactivated_with_rna,N501T,0.03592878
multiple_rna,N501T,0.08151145
rna,N501T,-0.030540744
single_vax,N501T,-0.0028465344
unknown,N501T,0.013199916
vax_with_bivalent,N501T,-0.12172516
vax_with_rna,N501T,0.07623318
Alpha,N501Y,0.05258735
Beta,N501Y,0.03493812
Delta,N501Y,0.0791743
Epsilon,N501Y,0.08446948
Gamma,N501Y,-0.031881154
Iota,N501Y,-0.015200262
Lambda,N501Y,0.00510702
Mu,N501Y,0.0066901464
Omicron/BA.1,N501Y,0.0095723495
Omicron/BA.2,N501Y,-0.02887266
Omicron/BA.4+,N501Y,-0.020650208
Wild Type,N501Y,0.06362323
bivalent,N501Y,-0.010980586
bivalent_with_rna,N501Y,0.030962918
cocktail,N501Y,0.022699434
double_vax,N501Y,0.039256062
inactivated,N501Y,-0.002549297
inactivated_with_rna,N501Y,-0.008774246
multiple_rna,N501Y,-0.017615821
rna,N501Y,0.022912327
single_vax,N501Y,0.045207746
unknown,N501Y,0.024411667
vax_with_bivalent,N501Y,0.027335057
vax_with_rna,N501Y,0.024417944
Alpha,N532D,0.011830676
Beta,N532D,-0.0302022
Delta,N532D,0.012672742
Epsilon,N532D,0.009172245
Gamma,N532D,-0.028467856
Iota,N532D,-0.07595009
Lambda,N532D,0.030200234
Mu,N532D,0.02865353
Omicron/BA.1,N532D,-0.11354095
Omicron/BA.2,N532D,-0.030807696
Omicron/BA.4+,N532D,0.07286079
Wild Type,N532D,0.06619752
bivalent,N532D,-0.1295113
bivalent_with_rna,N532D,0.013707422
cocktail,N532D,0.011891346
double_vax,N532D,-0.0033889567
inactivated,N532D,-0.022138229
inactivated_with_rna,N532D,0.0013021913
multiple_rna,N532D,-0.006607459
rna,N532D,-0.04027242
single_vax,N532D,0.055115275
unknown,N532D,-0.017130649
vax_with_bivalent,N532D,0.061170537
vax_with_rna,N532D,-0.055410825
Alpha,N532T,7.989071e-05
Beta,N532T,0.06185592
Delta,N532T,-0.047099672
Epsilon,N532T,-0.013739537
Gamma,N532T,-0.062337883
Iota,N532T,0.0059635267
Lambda,N532T,-0.028904831
Mu,N532T,-0.027744628
Omicron/BA.1,N532T,0.15964252
Omicron/BA.2,N532T,0.08268465
Omicron/BA.4+,N532T,0.036606144
Wild Type,N532T,-0.024105962
bivalent,N532T,0.103350624
bivalent_with_rna,N532T,-0.06075708
cocktail,N532T,-0.0012927931
double_vax,N532T,-0.036687393
inactivated,N532T,-0.1043848
inactivated_with_rna,N532T,-0.07404367
multiple_rna,N532T,-0.021469187
rna,N532T,0.052776717
single_vax,N532T,-0.021704845
unknown,N532T,-0.010111504
vax_with_bivalent,N532T,-0.017910905
vax_with_rna,N532T,0.07173973
Alpha,N536D,0.049398653
Beta,N536D,0.020697394
Delta,N536D,-0.05533532
Epsilon,N536D,0.022733208
Gamma,N536D,0.09084518
Iota,N536D,0.024389768
Lambda,N536D,0.08171216
Mu,N536D,-0.101327546
Omicron/BA.1,N536D,0.026372712
Omicron/BA.2,N536D,0.077309445
Omicron/BA.4+,N536D,0.16262305
Wild Type,N536D,0.05770254
bivalent,N536D,0.008062275
bivalent_with_rna,N536D,-0.0038252594
cocktail,N536D,-0.09084606
double_vax,N536D,-0.015465158
inactivated,N536D,0.06351299
inactivated_with_rna,N536D,-0.08935774
multiple_rna,N536D,-0.08564179
rna,N536D,-0.08905192
single_vax,N536D,0.07092596
unknown,N536D,0.08540282
vax_with_bivalent,N536D,0.051751852
vax_with_rna,N536D,0.011634869
Alpha,N556K,-0.054728758
Beta,N556K,0.085532084
Delta,N556K,0.08060136
Epsilon,N556K,0.046118397
Gamma,N556K,0.09175563
Iota,N556K,-0.0023875516
Lambda,N556K,-0.001990477
Mu,N556K,-0.019647496
Omicron/BA.1,N556K,-0.071046025
Omicron/BA.2,N556K,0.004815044
Omicron/BA.4+,N556K,0.05857066
Wild Type,N556K,-0.10451951
bivalent,N556K,0.0006333486
bivalent_with_rna,N556K,-0.001373311
cocktail,N556K,-0.0057080537
double_vax,N556K,-0.009654979
inactivated,N556K,0.0109700365
inactivated_with_rna,N556K,-0.014304449
multiple_rna,N556K,0.04429584
rna,N556K,-0.046431493
single_vax,N556K,-0.006408134
unknown,N556K,-0.047243565
vax_with_bivalent,N556K,-0.031858798
vax_with_rna,N556K,0.12695946
Alpha,N556S,0.08378755
Beta,N556S,0.09465871
Delta,N556S,-0.07415529
Epsilon,N556S,-0.015495092
Gamma,N556S,-0.029975565
Iota,N556S,0.014885035
Lambda,N556S,-0.0013387224
Mu,N556S,-0.07121922
Omicron/BA.1,N556S,0.05313858
Omicron/BA.2,N556S,0.037274458
Omicron/BA.4+,N556S,0.017011013
Wild Type,N556S,0.030216783
bivalent,N556S,-0.036098305
bivalent_with_rna,N556S,-0.07128082
cocktail,N556S,0.024606021
double_vax,N556S,-0.023464093
inactivated,N556S,0.045530967
inactivated_with_rna,N556S,-0.08212216
multiple_rna,N556S,0.045642275
rna,N556S,-0.0041139517
single_vax,N556S,-0.011444328
unknown,N556S,0.1329287
vax_with_bivalent,N556S,-0.052479297
vax_with_rna,N556S,-0.060839962
Alpha,N606S,-0.0213337
Beta,N606S,-0.029245611
Delta,N606S,0.016533926
Epsilon,N606S,-0.03526437
Gamma,N606S,-0.0105823325
Iota,N606S,-0.031627808
Lambda,N606S,-0.040485293
Mu,N606S,0.05227521
Omicron/BA.1,N606S,0.0058935145
Omicron/BA.2,N606S,-0.025096847
Omicron/BA.4+,N606S,0.061663892
Wild Type,N606S,-0.07167182
bivalent,N606S,0.04989872
bivalent_with_rna,N606S,-0.009795193
cocktail,N606S,0.14149313
double_vax,N606S,-0.022230646
inactivated,N606S,-0.026240455
inactivated_with_rna,N606S,0.015161348
multiple_rna,N606S,0.009418583
rna,N606S,-0.012045069
single_vax,N606S,0.024720877
unknown,N606S,0.0037481273
vax_with_bivalent,N606S,0.07609077
vax_with_rna,N606S,0.10343358
Alpha,N657D,-0.03807647
Beta,N657D,0.037430353
Delta,N657D,0.036497276
Epsilon,N657D,0.037036657
Gamma,N657D,-0.0084178075
Iota,N657D,0.058853965
Lambda,N657D,-0.085706316
Mu,N657D,-0.061835986
Omicron/BA.1,N657D,-0.090873905
Omicron/BA.2,N657D,0.11366786
Omicron/BA.4+,N657D,0.042673305
Wild Type,N657D,0.17227882
bivalent,N657D,0.029106678
bivalent_with_rna,N657D,-0.033150475
cocktail,N657D,-0.062298786
double_vax,N657D,0.0409561
inactivated,N657D,0.03252747
inactivated_with_rna,N657D,0.11994749
multiple_rna,N657D,-0.023751672
rna,N657D,-0.05479039
single_vax,N657D,0.038015008
unknown,N657D,0.05535215
vax_with_bivalent,N657D,-0.03235603
vax_with_rna,N657D,0.027935408
Alpha,N658S,0.074789494
Beta,N658S,0.0071594478
Delta,N658S,-0.079534225
Epsilon,N658S,0.035408873
Gamma,N658S,-0.032597926
Iota,N658S,-0.041345797
Lambda,N658S,0.020094346
Mu,N658S,-0.0018383246
Omicron/BA.1,N658S,-0.054802533
Omicron/BA.2,N658S,0.012936301
Omicron/BA.4+,N658S,-0.0054188883
Wild Type,N658S,0.0041777976
bivalent,N658S,-0.061403263
bivalent_with_rna,N658S,0.0007860279
cocktail,N658S,-0.0014461074
double_vax,N658S,-0.030628605
inactivated,N658S,0.0703361
inactivated_with_rna,N658S,0.0016502002
multiple_rna,N658S,0.0027710581
rna,N658S,-0.036905736
single_vax,N658S,0.06257239
unknown,N658S,-0.08841733
vax_with_bivalent,N658S,0.064238265
vax_with_rna,N658S,-0.03637985
Alpha,N658T,-0.03790072
Beta,N658T,0.054872543
Delta,N658T,-0.14587022
Epsilon,N658T,-0.16065326
Gamma,N658T,-0.044830143
Iota,N658T,0.036558278
Lambda,N658T,-0.05445412
Mu,N658T,-0.027013542
Omicron/BA.1,N658T,0.021648668
Omicron/BA.2,N658T,0.048444856
Omicron/BA.4+,N658T,0.013772432
Wild Type,N658T,0.0572185
bivalent,N658T,-0.038417004
bivalent_with_rna,N658T,0.04643524
cocktail,N658T,-0.019166442
double_vax,N658T,-0.023589082
inactivated,N658T,0.03660645
inactivated_with_rna,N658T,0.019149614
multiple_rna,N658T,-0.013585243
rna,N658T,0.001387557
single_vax,N658T,0.013341386
unknown,N658T,0.04057441
vax_with_bivalent,N658T,0.035428036
vax_with_rna,N658T,0.050809264
Alpha,N679K,0.13150482
Beta,N679K,0.03199621
Delta,N679K,0.0881279
Epsilon,N679K,0.027143454
Gamma,N679K,0.079711676
Iota,N679K,0.053958617
Lambda,N679K,0.034499183
Mu,N679K,0.009119636
Omicron/BA.1,N679K,0.02168466
Omicron/BA.2,N679K,-0.06230228
Omicron/BA.4+,N679K,0.0069736764
Wild Type,N679K,0.07256725
bivalent,N679K,0.035457835
bivalent_with_rna,N679K,0.027630817
cocktail,N679K,0.018239014
double_vax,N679K,0.053980887
inactivated,N679K,0.028997917
inactivated_with_rna,N679K,0.047718164
multiple_rna,N679K,0.065304264
rna,N679K,0.051155694
single_vax,N679K,0.09075642
unknown,N679K,0.043015428
vax_with_bivalent,N679K,-0.0069586234
vax_with_rna,N679K,0.056093864
Alpha,N679L,0.02328771
Beta,N679L,0.052686274
Delta,N679L,0.05485993
Epsilon,N679L,0.05296825
Gamma,N679L,0.07703973
Iota,N679L,-0.10685622
Lambda,N679L,0.014773771
Mu,N679L,-0.07643225
Omicron/BA.1,N679L,-0.023643786
Omicron/BA.2,N679L,-0.09391373
Omicron/BA.4+,N679L,-0.032517303
Wild Type,N679L,-0.008740069
bivalent,N679L,-0.0045589525
bivalent_with_rna,N679L,0.0054514394
cocktail,N679L,-0.02563709
double_vax,N679L,-0.038567178
inactivated,N679L,0.053668227
inactivated_with_rna,N679L,0.0025921331
multiple_rna,N679L,-0.0565408
rna,N679L,-0.044563808
single_vax,N679L,-5.8590434e-05
unknown,N679L,-0.06655681
vax_with_bivalent,N679L,0.05746406
vax_with_rna,N679L,-0.057554804
Alpha,N679N,-0.041003294
Beta,N679N,-0.045441628
Delta,N679N,0.034837127
Epsilon,N679N,-0.07509146
Gamma,N679N,0.052200794
Iota,N679N,0.025316093
Lambda,N679N,0.015117897
Mu,N679N,-0.121585794
Omicron/BA.1,N679N,-0.022346174
Omicron/BA.2,N679N,-0.07682706
Omicron/BA.4+,N679N,0.04403002
Wild Type,N679N,0.029961504
bivalent,N679N,0.08671392
bivalent_with_rna,N679N,-0.054371443
cocktail,N679N,0.06295702
double_vax,N679N,-0.04007672
inactivated,N679N,0.014732007
inactivated_with_rna,N679N,0.058601245
multiple_rna,N679N,-0.052586168
rna,N679N,-0.012342272
single_vax,N679N,0.080546945
unknown,N679N,-0.0067644296
vax_with_bivalent,N679N,0.05261554
vax_with_rna,N679N,-0.063100785
Alpha,N679S,-0.011936499
Beta,N679S,0.020802801
Delta,N679S,0.025811138
Epsilon,N679S,0.0064631295
Gamma,N679S,0.026754085
Iota,N679S,0.013138008
Lambda,N679S,-0.07858714
Mu,N679S,0.07610987
Omicron/BA.1,N679S,0.075308174
Omicron/BA.2,N679S,0.09064984
Omicron/BA.4+,N679S,0.04802391
Wild Type,N679S,-0.13441804
bivalent,N679S,-0.016153606
bivalent_with_rna,N679S,0.017443972
cocktail,N679S,0.068772614
double_vax,N679S,-0.045770034
inactivated,N679S,0.1192557
inactivated_with_rna,N679S,-0.014038552
multiple_rna,N679S,0.012135027
rna,N679S,-0.04807757
single_vax,N679S,0.02512145
unknown,N679S,0.048616618
vax_with_bivalent,N679S,0.088553116
vax_with_rna,N679S,-0.01745665
Alpha,N703I,0.10856033
Beta,N703I,-0.059887454
Delta,N703I,0.031845048
Epsilon,N703I,0.086552165
Gamma,N703I,-0.037484284
Iota,N703I,0.021032954
Lambda,N703I,0.0055905967
Mu,N703I,0.047324397
Omicron/BA.1,N703I,-0.09471203
Omicron/BA.2,N703I,-0.05352276
Omicron/BA.4+,N703I,-0.044211145
Wild Type,N703I,-0.08185981
bivalent,N703I,-0.01687122
bivalent_with_rna,N703I,0.063968174
cocktail,N703I,0.106647156
double_vax,N703I,0.053569853
inactivated,N703I,-0.04167853
inactivated_with_rna,N703I,-0.00040389085
multiple_rna,N703I,-0.052136615
rna,N703I,0.02502248
single_vax,N703I,-0.1239759
unknown,N703I,-0.0038577486
vax_with_bivalent,N703I,0.011563479
vax_with_rna,N703I,0.04265987
Alpha,N703S,0.10115924
Beta,N703S,0.008101427
Delta,N703S,-0.04545827
Epsilon,N703S,0.047440935
Gamma,N703S,0.005295984
Iota,N703S,0.021614807
Lambda,N703S,0.025700808
Mu,N703S,0.054739043
Omicron/BA.1,N703S,-0.040083542
Omicron/BA.2,N703S,-0.024007361
Omicron/BA.4+,N703S,0.039268147
Wild Type,N703S,-0.08422791
bivalent,N703S,0.1428911
bivalent_with_rna,N703S,-0.008756533
cocktail,N703S,-0.085623555
double_vax,N703S,-0.0063293776
inactivated,N703S,0.07219705
inactivated_with_rna,N703S,-0.06383726
multiple_rna,N703S,0.107830174
rna,N703S,-0.02518243
single_vax,N703S,0.0034532705
unknown,N703S,-0.08482235
vax_with_bivalent,N703S,0.040555753
vax_with_rna,N703S,0.07536445
Alpha,N764K,0.036164723
Beta,N764K,0.009699789
Delta,N764K,0.036033265
Epsilon,N764K,-0.0100564305
Gamma,N764K,0.020366479
Iota,N764K,-0.0050463993
Lambda,N764K,0.06110614
Mu,N764K,0.021400347
Omicron/BA.1,N764K,-0.003831513
Omicron/BA.2,N764K,0.010143889
Omicron/BA.4+,N764K,0.0066757523
Wild Type,N764K,0.008511129
bivalent,N764K,0.021186452
bivalent_with_rna,N764K,0.026919471
cocktail,N764K,-0.00031889643
double_vax,N764K,0.05530568
inactivated,N764K,0.018745447
inactivated_with_rna,N764K,0.015228126
multiple_rna,N764K,0.021638151
rna,N764K,0.042100277
single_vax,N764K,0.06809673
unknown,N764K,0.02666603
vax_with_bivalent,N764K,0.032572806
vax_with_rna,N764K,0.029931128
Alpha,N764N,0.0070136636
Beta,N764N,-0.116101444
Delta,N764N,0.032075174
Epsilon,N764N,0.029079998
Gamma,N764N,-0.008122912
Iota,N764N,-0.0030645877
Lambda,N764N,-0.05320455
Mu,N764N,-0.09713741
Omicron/BA.1,N764N,0.0417663
Omicron/BA.2,N764N,0.026650757
Omicron/BA.4+,N764N,-0.022429517
Wild Type,N764N,-0.0611398
bivalent,N764N,0.1274591
bivalent_with_rna,N764N,0.00044925325
cocktail,N764N,0.12178408
double_vax,N764N,-0.050160356
inactivated,N764N,0.12373902
inactivated_with_rna,N764N,0.017799087
multiple_rna,N764N,0.059892338
rna,N764N,-0.019781638
single_vax,N764N,-0.035352737
unknown,N764N,0.0009802904
vax_with_bivalent,N764N,0.0726032
vax_with_rna,N764N,-0.08547561
Alpha,N856K,0.0006601552
Beta,N856K,0.10639185
Delta,N856K,0.014939095
Epsilon,N856K,0.02285384
Gamma,N856K,0.096055165
Iota,N856K,0.021529112
Lambda,N856K,-0.0016081556
Mu,N856K,0.03911585
Omicron/BA.1,N856K,-0.01950518
Omicron/BA.2,N856K,-0.07766355
Omicron/BA.4+,N856K,0.00093293004
Wild Type,N856K,0.024646832
bivalent,N856K,-0.01997683
bivalent_with_rna,N856K,-0.003220231
cocktail,N856K,-0.04757147
double_vax,N856K,0.035500392
inactivated,N856K,-0.008363178
inactivated_with_rna,N856K,-0.006477381
multiple_rna,N856K,-0.027714081
rna,N856K,-0.011211073
single_vax,N856K,0.043199122
unknown,N856K,0.016376365
vax_with_bivalent,N856K,0.099948965
vax_with_rna,N856K,-0.014418244
Alpha,N856N,-0.05170013
Beta,N856N,0.05760923
Delta,N856N,0.09557521
Epsilon,N856N,0.041387655
Gamma,N856N,0.021903127
Iota,N856N,-0.026742596
Lambda,N856N,0.08898012
Mu,N856N,0.020011293
Omicron/BA.1,N856N,0.13609107
Omicron/BA.2,N856N,0.077805504
Omicron/BA.4+,N856N,0.009040953
Wild Type,N856N,-0.0641241
bivalent,N856N,-0.015424625
bivalent_with_rna,N856N,0.04934803
cocktail,N856N,0.0681634
double_vax,N856N,0.038114052
inactivated,N856N,0.013487699
inactivated_with_rna,N856N,-0.108912945
multiple_rna,N856N,-0.034340695
rna,N856N,0.1095282
single_vax,N856N,0.043945625
unknown,N856N,-0.06508805
vax_with_bivalent,N856N,-0.06566389
vax_with_rna,N856N,-0.032944847
Alpha,N87K,-0.07071004
Beta,N87K,-0.10519302
Delta,N87K,-0.03295938
Epsilon,N87K,0.0021016756
Gamma,N87K,-0.024787538
Iota,N87K,-0.018164687
Lambda,N87K,0.0071124164
Mu,N87K,-0.028117068
Omicron/BA.1,N87K,0.02391382
Omicron/BA.2,N87K,-0.039835263
Omicron/BA.4+,N87K,0.024576634
Wild Type,N87K,-0.035576526
bivalent,N87K,0.026434345
bivalent_with_rna,N87K,0.010291696
cocktail,N87K,-0.061198898
double_vax,N87K,0.014792713
inactivated,N87K,-0.09112497
inactivated_with_rna,N87K,0.03436955
multiple_rna,N87K,-0.05547369
rna,N87K,-0.044332787
single_vax,N87K,-0.010938041
unknown,N87K,0.074958734
vax_with_bivalent,N87K,-0.121537484
vax_with_rna,N87K,0.053111892
Alpha,N969K,0.13556173
Beta,N969K,0.02671171
Delta,N969K,0.01855621
Epsilon,N969K,0.016056588
Gamma,N969K,0.01839858
Iota,N969K,0.06399142
Lambda,N969K,0.027144488
Mu,N969K,0.0073835975
Omicron/BA.1,N969K,0.011079156
Omicron/BA.2,N969K,0.023664013
Omicron/BA.4+,N969K,0.028252296
Wild Type,N969K,0.061128676
bivalent,N969K,0.025618874
bivalent_with_rna,N969K,0.03696748
cocktail,N969K,0.06496676
double_vax,N969K,0.019912682
inactivated,N969K,0.04362913
inactivated_with_rna,N969K,0.011952359
multiple_rna,N969K,0.033118326
rna,N969K,0.04147251
single_vax,N969K,0.05902171
unknown,N969K,0.029991005
vax_with_bivalent,N969K,0.050429914
vax_with_rna,N969K,0.042414673
Alpha,N969N,0.0029090848
Beta,N969N,0.03131207
Delta,N969N,0.022284444
Epsilon,N969N,-0.029655024
Gamma,N969N,-0.015571428
Iota,N969N,0.004669216
Lambda,N969N,0.033873715
Mu,N969N,-0.02036657
Omicron/BA.1,N969N,0.05580333
Omicron/BA.2,N969N,-0.05478798
Omicron/BA.4+,N969N,-0.043350812
Wild Type,N969N,0.06498937
bivalent,N969N,0.014306486
bivalent_with_rna,N969N,0.04330312
cocktail,N969N,0.08047782
double_vax,N969N,-0.036108084
inactivated,N969N,0.024067312
inactivated_with_rna,N969N,0.017620675
multiple_rna,N969N,-0.018808458
rna,N969N,0.02908328
single_vax,N969N,0.08562416
unknown,N969N,-0.07782114
vax_with_bivalent,N969N,0.13780636
vax_with_rna,N969N,-0.008689008
Alpha,P1112Q,0.07755721
Beta,P1112Q,-0.026579853
Delta,P1112Q,-0.04413767
Epsilon,P1112Q,-0.117884055
Gamma,P1112Q,-0.027186051
Iota,P1112Q,-0.08418717
Lambda,P1112Q,0.060239077
Mu,P1112Q,0.031535365
Omicron/BA.1,P1112Q,-0.040477857
Omicron/BA.2,P1112Q,-0.024847627
Omicron/BA.4+,P1112Q,0.09437035
Wild Type,P1112Q,-0.039759252
bivalent,P1112Q,0.09082233
bivalent_with_rna,P1112Q,-0.0036846083
cocktail,P1112Q,0.0020860638
double_vax,P1112Q,-0.040191237
inactivated,P1112Q,-0.041497484
inactivated_with_rna,P1112Q,0.007005984
multiple_rna,P1112Q,-0.032887924
rna,P1112Q,0.042975407
single_vax,P1112Q,-0.030093132
unknown,P1112Q,-0.10434747
vax_with_bivalent,P1112Q,-0.041410033
vax_with_rna,P1112Q,0.055545628
Alpha,P1143L,0.011272169
Beta,P1143L,-0.02476079
Delta,P1143L,0.12113304
Epsilon,P1143L,0.034321092
Gamma,P1143L,-0.026649106
Iota,P1143L,0.02004919
Lambda,P1143L,-0.03342936
Mu,P1143L,0.03708961
Omicron/BA.1,P1143L,0.041226186
Omicron/BA.2,P1143L,0.10462119
Omicron/BA.4+,P1143L,-0.011687186
Wild Type,P1143L,-0.05557513
bivalent,P1143L,-0.021111494
bivalent_with_rna,P1143L,-0.08903242
cocktail,P1143L,-0.071206376
double_vax,P1143L,-0.08284528
inactivated,P1143L,-0.015441491
inactivated_with_rna,P1143L,-0.063794084
multiple_rna,P1143L,-0.00026772637
rna,P1143L,0.030841548
single_vax,P1143L,0.07255866
unknown,P1143L,-0.13901637
vax_with_bivalent,P1143L,0.013832457
vax_with_rna,P1143L,0.0710394
Alpha,P174A,-0.04577735
Beta,P174A,-0.05236631
Delta,P174A,-0.09753862
Epsilon,P174A,0.09736712
Gamma,P174A,0.004465413
Iota,P174A,-0.016531147
Lambda,P174A,0.015672367
Mu,P174A,-0.097772785
Omicron/BA.1,P174A,0.04194602
Omicron/BA.2,P174A,-0.050019067
Omicron/BA.4+,P174A,-0.021841945
Wild Type,P174A,-0.014601916
bivalent,P174A,-0.07900642
bivalent_with_rna,P174A,-0.11769088
cocktail,P174A,0.024322014
double_vax,P174A,-0.050559778
inactivated,P174A,-0.13246572
inactivated_with_rna,P174A,0.026639111
multiple_rna,P174A,0.08225862
rna,P174A,-0.052069552
single_vax,P174A,0.004641711
unknown,P174A,0.12102723
vax_with_bivalent,P174A,0.015952257
vax_with_rna,P174A,-0.08015899
Alpha,P174D,-0.0496237
Beta,P174D,-0.028559733
Delta,P174D,-0.1453336
Epsilon,P174D,-0.103638336
Gamma,P174D,-0.0117881
Iota,P174D,-0.05308995
Lambda,P174D,-0.063773
Mu,P174D,-0.052489385
Omicron/BA.1,P174D,0.019433765
Omicron/BA.2,P174D,-0.08407644
Omicron/BA.4+,P174D,0.015764706
Wild Type,P174D,0.035850514
bivalent,P174D,0.025003863
bivalent_with_rna,P174D,0.024506673
cocktail,P174D,-0.02362587
double_vax,P174D,0.07712754
inactivated,P174D,0.014448149
inactivated_with_rna,P174D,0.10338357
multiple_rna,P174D,-0.008094169
rna,P174D,-0.06968587
single_vax,P174D,0.14340794
unknown,P174D,0.012109209
vax_with_bivalent,P174D,0.011833628
vax_with_rna,P174D,0.08057524
Alpha,P174S,-0.02961782
Beta,P174S,-0.032683313
Delta,P174S,-0.031485338
Epsilon,P174S,-0.063150935
Gamma,P174S,-0.005332592
Iota,P174S,0.14163446
Lambda,P174S,0.035391033
Mu,P174S,-0.12917402
Omicron/BA.1,P174S,0.017242165
Omicron/BA.2,P174S,-0.05250987
Omicron/BA.4+,P174S,-0.17440292
Wild Type,P174S,-0.0014818101
bivalent,P174S,0.03036252
bivalent_with_rna,P174S,-0.064055584
cocktail,P174S,0.057618212
double_vax,P174S,-0.036222108
inactivated,P174S,0.06681399
inactivated_with_rna,P174S,0.05959195
multiple_rna,P174S,0.03641307
rna,P174S,0.04532318
single_vax,P174S,0.060472406
unknown,P174S,-0.046520717
vax_with_bivalent,P174S,-0.10570722
vax_with_rna,P174S,0.012597161
Alpha,P251Q,-0.003006423
Beta,P251Q,-0.009949351
Delta,P251Q,0.084055915
Epsilon,P251Q,-0.08094268
Gamma,P251Q,0.113832735
Iota,P251Q,-0.049873773
Lambda,P251Q,-0.03170929
Mu,P251Q,-0.09918999
Omicron/BA.1,P251Q,0.13966063
Omicron/BA.2,P251Q,0.022994043
Omicron/BA.4+,P251Q,0.009490696
Wild Type,P251Q,0.05031486
bivalent,P251Q,0.051489614
bivalent_with_rna,P251Q,0.03186424
cocktail,P251Q,-0.06379969
double_vax,P251Q,-0.068167366
inactivated,P251Q,0.034954038
inactivated_with_rna,P251Q,0.022100642
multiple_rna,P251Q,-0.14620873
rna,P251Q,-0.01887957
single_vax,P251Q,-0.0016654106
unknown,P251Q,-0.04302549
vax_with_bivalent,P251Q,-0.04989673
vax_with_rna,P251Q,-0.02391849
Alpha,P25P,0.05661346
Beta,P25P,-0.08119592
Delta,P25P,-0.08425793
Epsilon,P25P,0.04078414
Gamma,P25P,-0.031663932
Iota,P25P,-0.042416863
Lambda,P25P,-0.058296643
Mu,P25P,0.045852326
Omicron/BA.1,P25P,-0.026584152
Omicron/BA.2,P25P,-0.02565121
Omicron/BA.4+,P25P,-0.012146649
Wild Type,P25P,-0.05635674
bivalent,P25P,0.03482631
bivalent_with_rna,P25P,0.024038447
cocktail,P25P,0.06447669
double_vax,P25P,0.020922447
inactivated,P25P,-0.03210448
inactivated_with_rna,P25P,0.01813354
multiple_rna,P25P,0.06401831
rna,P25P,-0.06436719
single_vax,P25P,-0.064364105
unknown,P25P,0.009114949
vax_with_bivalent,P25P,-0.02233408
vax_with_rna,P25P,-0.044456977
Alpha,P25S,-0.03212805
Beta,P25S,0.018780185
Delta,P25S,-0.06017012
Epsilon,P25S,0.03297813
Gamma,P25S,-0.080986984
Iota,P25S,0.03242989
Lambda,P25S,-0.09052517
Mu,P25S,-0.002630033
Omicron/BA.1,P25S,-0.019433133
Omicron/BA.2,P25S,0.03422416
Omicron/BA.4+,P25S,-0.06568148
Wild Type,P25S,-0.033837087
bivalent,P25S,0.056523494
bivalent_with_rna,P25S,0.09369156
cocktail,P25S,0.007329498
double_vax,P25S,0.041321598
inactivated,P25S,-0.0076914225
inactivated_with_rna,P25S,-0.04174102
multiple_rna,P25S,0.09704807
rna,P25S,-0.04821926
single_vax,P25S,-0.0026021292
unknown,P25S,0.052401833
vax_with_bivalent,P25S,-0.08135248
vax_with_rna,P25S,-0.059100494
Alpha,P25ins,0.0027500782
Beta,P25ins,0.08735145
Delta,P25ins,0.04827311
Epsilon,P25ins,0.016117094
Gamma,P25ins,-0.064160705
Iota,P25ins,0.014728487
Lambda,P25ins,0.097316846
Mu,P25ins,0.12720634
Omicron/BA.1,P25ins,0.005533994
Omicron/BA.2,P25ins,-0.14258985
Omicron/BA.4+,P25ins,-0.086709835
Wild Type,P25ins,-0.06486942
bivalent,P25ins,-0.013790312
bivalent_with_rna,P25ins,-0.013593363
cocktail,P25ins,0.042176895
double_vax,P25ins,-0.040434517
inactivated,P25ins,-0.036902
inactivated_with_rna,P25ins,0.09463963
multiple_rna,P25ins,0.0010474785
rna,P25ins,-0.01689185
single_vax,P25ins,0.012230097
unknown,P25ins,-0.104827575
vax_with_bivalent,P25ins,-0.07405816
vax_with_rna,P25ins,-0.028753886
Alpha,P26P,-0.087694116
Beta,P26P,0.08395052
Delta,P26P,-0.008610301
Epsilon,P26P,0.028505612
Gamma,P26P,0.05915755
Iota,P26P,0.020720743
Lambda,P26P,0.076229006
Mu,P26P,0.103268914
Omicron/BA.1,P26P,0.001250484
Omicron/BA.2,P26P,-0.05558385
Omicron/BA.4+,P26P,0.045432676
Wild Type,P26P,-0.03382165
bivalent,P26P,-0.059731707
bivalent_with_rna,P26P,0.027824365
cocktail,P26P,-0.08141234
double_vax,P26P,0.05341811
inactivated,P26P,-0.05748993
inactivated_with_rna,P26P,0.03008359
multiple_rna,P26P,-0.036429398
rna,P26P,0.0049459627
single_vax,P26P,0.07189582
unknown,P26P,0.061301846
vax_with_bivalent,P26P,0.12582274
vax_with_rna,P26P,-0.036401056
Alpha,P26S,-0.00082319044
Beta,P26S,-0.03459938
Delta,P26S,-0.009400263
Epsilon,P26S,0.033455357
Gamma,P26S,-0.04329326
Iota,P26S,-0.014994413
Lambda,P26S,0.015562168
Mu,P26S,0.017074086
Omicron/BA.1,P26S,0.007156064
Omicron/BA.2,P26S,0.023592427
Omicron/BA.4+,P26S,-0.045533877
Wild Type,P26S,0.0006406886
bivalent,P26S,0.022566788
bivalent_with_rna,P26S,0.04913095
cocktail,P26S,-0.03298977
double_vax,P26S,0.013596239
inactivated,P26S,0.009769957
inactivated_with_rna,P26S,0.034016997
multiple_rna,P26S,-0.020911336
rna,P26S,-0.020852458
single_vax,P26S,-0.0054406985
unknown,P26S,0.050867695
vax_with_bivalent,P26S,0.03507425
vax_with_rna,P26S,0.014196103
Alpha,P272L,-0.034172524
Beta,P272L,0.010415145
Delta,P272L,-0.010744599
Epsilon,P272L,0.02135301
Gamma,P272L,0.04180512
Iota,P272L,0.042122174
Lambda,P272L,0.044667434
Mu,P272L,0.12169897
Omicron/BA.1,P272L,-0.048155814
Omicron/BA.2,P272L,-0.13167608
Omicron/BA.4+,P272L,-0.039145924
Wild Type,P272L,0.061083365
bivalent,P272L,-0.08423494
bivalent_with_rna,P272L,-0.07980028
cocktail,P272L,0.06607927
double_vax,P272L,0.06238426
inactivated,P272L,-0.01614456
inactivated_with_rna,P272L,-0.0103473505
multiple_rna,P272L,-0.03128201
rna,P272L,-0.065074906
single_vax,P272L,0.008569476
unknown,P272L,-0.023900079
vax_with_bivalent,P272L,0.12122901
vax_with_rna,P272L,-0.09735645
Alpha,P272Q,0.052294165
Beta,P272Q,0.07150966
Delta,P272Q,-0.007970408
Epsilon,P272Q,-0.020939222
Gamma,P272Q,0.03182488
Iota,P272Q,-0.059388172
Lambda,P272Q,-0.009362498
Mu,P272Q,0.036734678
Omicron/BA.1,P272Q,0.027406335
Omicron/BA.2,P272Q,0.020429624
Omicron/BA.4+,P272Q,-0.007830342
Wild Type,P272Q,-0.17662664
bivalent,P272Q,0.004078164
bivalent_with_rna,P272Q,0.029175013
cocktail,P272Q,-0.13249762
double_vax,P272Q,0.041224763
inactivated,P272Q,0.00062432606
inactivated_with_rna,P272Q,-0.01164071
multiple_rna,P272Q,0.029862449
rna,P272Q,-0.034541085
single_vax,P272Q,-0.004826096
unknown,P272Q,0.0047421088
vax_with_bivalent,P272Q,-0.12398151
vax_with_rna,P272Q,0.024139602
Alpha,P384A,0.05204524
Beta,P384A,-0.071914285
Delta,P384A,-0.024616798
Epsilon,P384A,0.06853891
Gamma,P384A,0.07215378
Iota,P384A,-0.084384486
Lambda,P384A,-0.041105814
Mu,P384A,0.07897182
Omicron/BA.1,P384A,0.015518698
Omicron/BA.2,P384A,-0.022110123
Omicron/BA.4+,P384A,-0.004333888
Wild Type,P384A,0.0070041036
bivalent,P384A,-0.010461722
bivalent_with_rna,P384A,-0.011705819
cocktail,P384A,-0.030569177
double_vax,P384A,0.0052083344
inactivated,P384A,-0.03359119
inactivated_with_rna,P384A,-0.035445433
multiple_rna,P384A,-0.0074837585
rna,P384A,-0.017001564
single_vax,P384A,-0.018832004
unknown,P384A,-0.022269202
vax_with_bivalent,P384A,-0.0021653604
vax_with_rna,P384A,0.0952612
Alpha,P384L,-0.07348872
Beta,P384L,0.010809433
Delta,P384L,-0.008699889
Epsilon,P384L,0.13482055
Gamma,P384L,-0.077634014
Iota,P384L,0.054026365
Lambda,P384L,-0.102865286
Mu,P384L,-0.06332937
Omicron/BA.1,P384L,0.033400007
Omicron/BA.2,P384L,-0.09626782
Omicron/BA.4+,P384L,-0.0315516
Wild Type,P384L,-0.050710984
bivalent,P384L,-0.033094816
bivalent_with_rna,P384L,0.092012815
cocktail,P384L,0.0026119081
double_vax,P384L,0.050563153
inactivated,P384L,0.012918748
inactivated_with_rna,P384L,-0.0009735655
multiple_rna,P384L,-0.06299245
rna,P384L,-0.058573645
single_vax,P384L,-0.09371522
unknown,P384L,0.03572174
vax_with_bivalent,P384L,0.0050751404
vax_with_rna,P384L,0.06993468
Alpha,P384R,0.09085823
Beta,P384R,0.004909833
Delta,P384R,-0.010370083
Epsilon,P384R,0.009685948
Gamma,P384R,0.025363125
Iota,P384R,-0.060307495
Lambda,P384R,-0.041514076
Mu,P384R,-0.07566127
Omicron/BA.1,P384R,-0.1316663
Omicron/BA.2,P384R,-0.0047200997
Omicron/BA.4+,P384R,-0.06098139
Wild Type,P384R,0.019789306
bivalent,P384R,-0.021286251
bivalent_with_rna,P384R,0.0111653255
cocktail,P384R,0.024158537
double_vax,P384R,0.02052067
inactivated,P384R,0.03259356
inactivated_with_rna,P384R,0.101925105
multiple_rna,P384R,0.08109651
rna,P384R,-0.0073822103
single_vax,P384R,0.069528505
unknown,P384R,0.00023928937
vax_with_bivalent,P384R,0.05119429
vax_with_rna,P384R,0.015411757
Alpha,P499I,0.047065347
Beta,P499I,0.005138796
Delta,P499I,-0.05951721
Epsilon,P499I,-0.055161055
Gamma,P499I,-0.07784401
Iota,P499I,0.07834897
Lambda,P499I,-0.011787689
Mu,P499I,-0.11147454
Omicron/BA.1,P499I,-0.0036160797
Omicron/BA.2,P499I,-0.014331364
Omicron/BA.4+,P499I,0.0073298533
Wild Type,P499I,-0.06303642
bivalent,P499I,-0.04341276
bivalent_with_rna,P499I,0.0333972
cocktail,P499I,-0.09651478
double_vax,P499I,0.03419438
inactivated,P499I,-0.057713773
inactivated_with_rna,P499I,0.049452536
multiple_rna,P499I,-0.022182945
rna,P499I,-0.066007674
single_vax,P499I,-0.04186676
unknown,P499I,0.06005021
vax_with_bivalent,P499I,0.113760695
vax_with_rna,P499I,0.09026511
Alpha,P499T,-0.07603405
Beta,P499T,-0.055406515
Delta,P499T,0.027467621
Epsilon,P499T,0.028918654
Gamma,P499T,0.08923667
Iota,P499T,0.034482833
Lambda,P499T,0.030715577
Mu,P499T,0.03710402
Omicron/BA.1,P499T,-0.046952218
Omicron/BA.2,P499T,0.017209608
Omicron/BA.4+,P499T,-0.04240424
Wild Type,P499T,0.083213784
bivalent,P499T,0.09071118
bivalent_with_rna,P499T,0.0667956
cocktail,P499T,0.068533584
double_vax,P499T,-0.074878715
inactivated,P499T,-0.012301862
inactivated_with_rna,P499T,-0.13884112
multiple_rna,P499T,0.054666463
rna,P499T,-0.011752523
single_vax,P499T,-0.025788173
unknown,P499T,-0.068244934
vax_with_bivalent,P499T,-0.020408574
vax_with_rna,P499T,0.04987746
Alpha,P621S,0.087734066
Beta,P621S,0.01749169
Delta,P621S,-0.027728772
Epsilon,P621S,-0.07846451
Gamma,P621S,0.0706879
Iota,P621S,-0.07310198
Lambda,P621S,-0.06518187
Mu,P621S,-0.036392085
Omicron/BA.1,P621S,-0.019957036
Omicron/BA.2,P621S,0.08538486
Omicron/BA.4+,P621S,-0.021063963
Wild Type,P621S,0.053607643
bivalent,P621S,-0.0937139
bivalent_with_rna,P621S,0.030348621
cocktail,P621S,-0.18211788
double_vax,P621S,0.0025361497
inactivated,P621S,0.012964595
inactivated_with_rna,P621S,-0.021071957
multiple_rna,P621S,0.014858294
rna,P621S,0.0039764955
single_vax,P621S,0.04855823
unknown,P621S,0.011565605
vax_with_bivalent,P621S,-0.01941789
vax_with_rna,P621S,-0.031581994
Alpha,P681H,0.050038334
Beta,P681H,-0.0025376698
Delta,P681H,0.028089166
Epsilon,P681H,-0.0042112432
Gamma,P681H,0.010827452
Iota,P681H,-0.004563937
Lambda,P681H,0.037282635
Mu,P681H,0.033668276
Omicron/BA.1,P681H,-0.013656829
Omicron/BA.2,P681H,0.012395209
Omicron/BA.4+,P681H,-0.017192464
Wild Type,P681H,0.046815116
bivalent,P681H,0.03176084
bivalent_with_rna,P681H,0.0037889592
cocktail,P681H,-0.039203823
double_vax,P681H,0.017211542
inactivated,P681H,0.0016333245
inactivated_with_rna,P681H,-0.01690524
multiple_rna,P681H,0.003044085
rna,P681H,0.036055773
single_vax,P681H,0.05400649
unknown,P681H,0.0117238425
vax_with_bivalent,P681H,0.010000635
vax_with_rna,P681H,0.042374123
Alpha,P681P,-0.015994273
Beta,P681P,0.045288283
Delta,P681P,-0.009408136
Epsilon,P681P,-0.04827591
Gamma,P681P,0.0733391
Iota,P681P,-0.02163765
Lambda,P681P,-0.06620604
Mu,P681P,-0.010496802
Omicron/BA.1,P681P,0.020951819
Omicron/BA.2,P681P,-0.00633558
Omicron/BA.4+,P681P,-0.08103923
Wild Type,P681P,0.03522645
bivalent,P681P,0.13910773
bivalent_with_rna,P681P,-0.025751429
cocktail,P681P,-0.05109826
double_vax,P681P,0.02250707
inactivated,P681P,-0.027262108
inactivated_with_rna,P681P,0.039498795
multiple_rna,P681P,0.04993365
rna,P681P,-0.06352024
single_vax,P681P,0.050261557
unknown,P681P,0.008956045
vax_with_bivalent,P681P,-0.000626659
vax_with_rna,P681P,0.021729505
Alpha,P681R,0.018228352
Beta,P681R,-0.0078098057
Delta,P681R,-0.077671275
Epsilon,P681R,0.042413704
Gamma,P681R,-0.032733146
Iota,P681R,0.08834969
Lambda,P681R,-0.026369732
Mu,P681R,0.06651424
Omicron/BA.1,P681R,-0.03161507
Omicron/BA.2,P681R,0.042128522
Omicron/BA.4+,P681R,-0.0134873595
Wild Type,P681R,0.023602681
bivalent,P681R,0.0031063873
bivalent_with_rna,P681R,-0.021043109
cocktail,P681R,0.054616395
double_vax,P681R,-0.034374792
inactivated,P681R,-0.02532728
inactivated_with_rna,P681R,0.04792869
multiple_rna,P681R,0.3028913
rna,P681R,-0.054343298
single_vax,P681R,0.0104471445
unknown,P681R,-0.037802737
vax_with_bivalent,P681R,0.055618756
vax_with_rna,P681R,0.029860537
Alpha,P793T,-0.00025927555
Beta,P793T,-0.0057056365
Delta,P793T,0.07884521
Epsilon,P793T,-0.009260454
Gamma,P793T,-0.021912785
Iota,P793T,0.0025677627
Lambda,P793T,0.047407266
Mu,P793T,-0.01480943
Omicron/BA.1,P793T,0.043600988
Omicron/BA.2,P793T,-0.00923697
Omicron/BA.4+,P793T,-0.016565096
Wild Type,P793T,0.041689917
bivalent,P793T,-0.024554582
bivalent_with_rna,P793T,0.0050638323
cocktail,P793T,0.03138578
double_vax,P793T,-0.04056462
inactivated,P793T,0.09354932
inactivated_with_rna,P793T,0.06293577
multiple_rna,P793T,-0.012829084
rna,P793T,-0.03241336
single_vax,P793T,0.0146674635
unknown,P793T,0.009547867
vax_with_bivalent,P793T,-0.075289056
vax_with_rna,P793T,-0.012331994
Alpha,P812S,-0.015152276
Beta,P812S,0.029594019
Delta,P812S,-0.010057974
Epsilon,P812S,-0.036408238
Gamma,P812S,0.017020408
Iota,P812S,0.01699638
Lambda,P812S,0.049914736
Mu,P812S,-0.12536918
Omicron/BA.1,P812S,0.03885629
Omicron/BA.2,P812S,-0.007210768
Omicron/BA.4+,P812S,-0.034508325
Wild Type,P812S,-0.06829391
bivalent,P812S,0.04050234
bivalent_with_rna,P812S,-0.059560165
cocktail,P812S,-0.027193673
double_vax,P812S,0.020092133
inactivated,P812S,0.022405935
inactivated_with_rna,P812S,0.06642058
multiple_rna,P812S,-0.0331708
rna,P812S,-0.045797113
single_vax,P812S,-0.019019995
unknown,P812S,-0.038114
vax_with_bivalent,P812S,-0.030409522
vax_with_rna,P812S,0.017776776
Alpha,P85D,0.061169278
Beta,P85D,-0.026385505
Delta,P85D,-0.011769496
Epsilon,P85D,0.01194481
Gamma,P85D,-0.044714887
Iota,P85D,-0.04175629
Lambda,P85D,0.07630267
Mu,P85D,-0.056592155
Omicron/BA.1,P85D,0.06071329
Omicron/BA.2,P85D,-0.05653969
Omicron/BA.4+,P85D,-0.026177505
Wild Type,P85D,-0.034839958
bivalent,P85D,-0.027556092
bivalent_with_rna,P85D,0.08745051
cocktail,P85D,0.04694853
double_vax,P85D,-0.019564576
inactivated,P85D,-0.17681785
inactivated_with_rna,P85D,0.08141392
multiple_rna,P85D,-0.0788325
rna,P85D,-0.064486526
single_vax,P85D,-0.05856445
unknown,P85D,-0.02097995
vax_with_bivalent,P85D,-0.12801562
vax_with_rna,P85D,0.12504359
Alpha,P9L,0.04961356
Beta,P9L,-0.05578042
Delta,P9L,0.016478889
Epsilon,P9L,0.02011132
Gamma,P9L,0.016038213
Iota,P9L,0.10529876
Lambda,P9L,-0.020139745
Mu,P9L,-0.06277824
Omicron/BA.1,P9L,0.038055137
Omicron/BA.2,P9L,-0.023158576
Omicron/BA.4+,P9L,0.02953665
Wild Type,P9L,0.09680216
bivalent,P9L,-0.08399972
bivalent_with_rna,P9L,-0.074032195
cocktail,P9L,0.0537403
double_vax,P9L,-0.0059951553
inactivated,P9L,0.0975227
inactivated_with_rna,P9L,-0.034770586
multiple_rna,P9L,-0.07256472
rna,P9L,0.10787021
single_vax,P9L,0.011561034
unknown,P9L,-0.023547152
vax_with_bivalent,P9L,0.002591989
vax_with_rna,P9L,0.14940448
Alpha,P9T,0.008175842
Beta,P9T,-0.031593833
Delta,P9T,0.022458132
Epsilon,P9T,-0.027482968
Gamma,P9T,0.08171609
Iota,P9T,-0.0758903
Lambda,P9T,0.08789207
Mu,P9T,0.1400846
Omicron/BA.1,P9T,0.011755277
Omicron/BA.2,P9T,-0.008095437
Omicron/BA.4+,P9T,0.07543765
Wild Type,P9T,0.018034276
bivalent,P9T,0.05860871
bivalent_with_rna,P9T,0.031419806
cocktail,P9T,0.010453751
double_vax,P9T,0.03725034
inactivated,P9T,-0.012551197
inactivated_with_rna,P9T,-0.06909795
multiple_rna,P9T,-0.08117209
rna,P9T,-0.055720545
single_vax,P9T,0.019116186
unknown,P9T,-0.03533057
vax_with_bivalent,P9T,-0.04519562
vax_with_rna,P9T,0.080421716
Alpha,Q1071H,-0.031493347
Beta,Q1071H,-0.04819329
Delta,Q1071H,-0.033495124
Epsilon,Q1071H,0.038408183
Gamma,Q1071H,0.04727304
Iota,Q1071H,0.06255178
Lambda,Q1071H,-0.09884505
Mu,Q1071H,-0.18261692
Omicron/BA.1,Q1071H,0.005897929
Omicron/BA.2,Q1071H,-0.017533302
Omicron/BA.4+,Q1071H,0.04092863
Wild Type,Q1071H,-0.06193626
bivalent,Q1071H,0.08232826
bivalent_with_rna,Q1071H,-0.09171812
cocktail,Q1071H,0.025363494
double_vax,Q1071H,0.07310267
inactivated,Q1071H,-0.0126473885
inactivated_with_rna,Q1071H,-0.11196967
multiple_rna,Q1071H,0.16242604
rna,Q1071H,0.04989507
single_vax,Q1071H,-0.017075146
unknown,Q1071H,0.023801973
vax_with_bivalent,Q1071H,-0.0697014
vax_with_rna,Q1071H,-0.029825125
Alpha,Q1106H,0.09846407
Beta,Q1106H,0.18330017
Delta,Q1106H,-0.07000655
Epsilon,Q1106H,-0.122322835
Gamma,Q1106H,-0.06853551
Iota,Q1106H,0.10919796
Lambda,Q1106H,0.019547012
Mu,Q1106H,0.0763365
Omicron/BA.1,Q1106H,0.110298194
Omicron/BA.2,Q1106H,0.03674576
Omicron/BA.4+,Q1106H,0.04823319
Wild Type,Q1106H,0.0019811857
bivalent,Q1106H,-0.018743252
bivalent_with_rna,Q1106H,-0.010016716
cocktail,Q1106H,-0.052466966
double_vax,Q1106H,0.025735963
inactivated,Q1106H,0.023929676
inactivated_with_rna,Q1106H,-0.0656541
multiple_rna,Q1106H,-0.055261888
rna,Q1106H,0.04688414
single_vax,Q1106H,0.045337208
unknown,Q1106H,0.030507013
vax_with_bivalent,Q1106H,-0.04879581
vax_with_rna,Q1106H,-0.11860746
Alpha,Q1208H,0.07319835
Beta,Q1208H,0.11986296
Delta,Q1208H,-0.0670802
Epsilon,Q1208H,-0.0900371
Gamma,Q1208H,0.07990461
Iota,Q1208H,0.04802565
Lambda,Q1208H,-0.032406002
Mu,Q1208H,-0.05376618
Omicron/BA.1,Q1208H,-0.033832554
Omicron/BA.2,Q1208H,0.020738687
Omicron/BA.4+,Q1208H,0.011933858
Wild Type,Q1208H,0.009592384
bivalent,Q1208H,-0.1277331
bivalent_with_rna,Q1208H,-0.0398695
cocktail,Q1208H,-0.020296438
double_vax,Q1208H,-0.06683163
inactivated,Q1208H,0.010735248
inactivated_with_rna,Q1208H,0.08926709
multiple_rna,Q1208H,0.021952644
rna,Q1208H,-0.03224721
single_vax,Q1208H,-0.007789257
unknown,Q1208H,-0.013363833
vax_with_bivalent,Q1208H,-0.08136901
vax_with_rna,Q1208H,-0.08181952
Alpha,Q134E,0.063989714
Beta,Q134E,0.006887145
Delta,Q134E,-0.04713841
Epsilon,Q134E,0.026762439
Gamma,Q134E,0.03149058
Iota,Q134E,0.043501593
Lambda,Q134E,0.083496764
Mu,Q134E,0.088389404
Omicron/BA.1,Q134E,-0.010262779
Omicron/BA.2,Q134E,-0.0514149
Omicron/BA.4+,Q134E,-0.0007368638
Wild Type,Q134E,0.020021845
bivalent,Q134E,0.053320907
bivalent_with_rna,Q134E,0.0098260995
cocktail,Q134E,0.12217487
double_vax,Q134E,-0.0031767758
inactivated,Q134E,-0.03867193
inactivated_with_rna,Q134E,0.047324423
multiple_rna,Q134E,0.10739128
rna,Q134E,-0.04239656
single_vax,Q134E,-0.010426591
unknown,Q134E,0.023892844
vax_with_bivalent,Q134E,-0.03366886
vax_with_rna,Q134E,0.033125196
Alpha,Q14D,0.022269843
Beta,Q14D,0.045181815
Delta,Q14D,-0.012235275
Epsilon,Q14D,-0.017632907
Gamma,Q14D,0.027546488
Iota,Q14D,0.10059546
Lambda,Q14D,-0.08707554
Mu,Q14D,0.01776891
Omicron/BA.1,Q14D,0.06342128
Omicron/BA.2,Q14D,-0.016737819
Omicron/BA.4+,Q14D,-0.034515522
Wild Type,Q14D,0.033447728
bivalent,Q14D,0.028982513
bivalent_with_rna,Q14D,0.017715657
cocktail,Q14D,-0.011890852
double_vax,Q14D,-0.022669218
inactivated,Q14D,0.04575568
inactivated_with_rna,Q14D,-0.06747865
multiple_rna,Q14D,0.04074639
rna,Q14D,-0.0357129
single_vax,Q14D,0.006767193
unknown,Q14D,0.059984766
vax_with_bivalent,Q14D,-0.036814325
vax_with_rna,Q14D,0.03060369
Alpha,Q14T,-0.15247853
Beta,Q14T,0.00617422
Delta,Q14T,-0.05703454
Epsilon,Q14T,0.06894757
Gamma,Q14T,0.011213975
Iota,Q14T,0.006022552
Lambda,Q14T,0.011656003
Mu,Q14T,-0.0423261
Omicron/BA.1,Q14T,-0.00046654372
Omicron/BA.2,Q14T,0.028325394
Omicron/BA.4+,Q14T,0.036714777
Wild Type,Q14T,-0.014440309
bivalent,Q14T,0.003917477
bivalent_with_rna,Q14T,-0.07884499
cocktail,Q14T,-0.03715318
double_vax,Q14T,0.028201755
inactivated,Q14T,-0.010638583
inactivated_with_rna,Q14T,0.034597106
multiple_rna,Q14T,0.028770525
rna,Q14T,-0.07899359
single_vax,Q14T,-0.04270844
unknown,Q14T,0.03477096
vax_with_bivalent,Q14T,-0.028752401
vax_with_rna,Q14T,0.17107584
Alpha,Q173D,0.17054789
Beta,Q173D,0.038583457
Delta,Q173D,0.0010799207
Epsilon,Q173D,0.0058447793
Gamma,Q173D,0.01932048
Iota,Q173D,0.09100421
Lambda,Q173D,0.0017478969
Mu,Q173D,0.011007617
Omicron/BA.1,Q173D,0.004761634
Omicron/BA.2,Q173D,0.014248983
Omicron/BA.4+,Q173D,-0.08236876
Wild Type,Q173D,-0.029579556
bivalent,Q173D,0.04744218
bivalent_with_rna,Q173D,-0.022879079
cocktail,Q173D,0.017509002
double_vax,Q173D,-0.09749014
inactivated,Q173D,-0.046613798
inactivated_with_rna,Q173D,-0.0018773917
multiple_rna,Q173D,0.0470926
rna,Q173D,-0.029658785
single_vax,Q173D,-0.00079784263
unknown,Q173D,-0.019103918
vax_with_bivalent,Q173D,0.18621601
vax_with_rna,Q173D,-0.059930865
Alpha,Q173K,-0.009785343
Beta,Q173K,-0.064390115
Delta,Q173K,-0.04461138
Epsilon,Q173K,-0.08272428
Gamma,Q173K,-0.15822823
Iota,Q173K,0.007938441
Lambda,Q173K,0.07801602
Mu,Q173K,0.05634113
Omicron/BA.1,Q173K,0.03399417
Omicron/BA.2,Q173K,-0.06537801
Omicron/BA.4+,Q173K,-0.032042086
Wild Type,Q173K,0.049215306
bivalent,Q173K,0.0548547
bivalent_with_rna,Q173K,-0.042329513
cocktail,Q173K,0.01499017
double_vax,Q173K,-0.07609239
inactivated,Q173K,0.045955785
inactivated_with_rna,Q173K,-0.006038785
multiple_rna,Q173K,-0.026117492
rna,Q173K,-0.03842124
single_vax,Q173K,0.10409477
unknown,Q173K,0.09216438
vax_with_bivalent,Q173K,-0.061804157
vax_with_rna,Q173K,0.021500017
Alpha,Q183E,-0.008227005
Beta,Q183E,0.06262775
Delta,Q183E,-0.02721947
Epsilon,Q183E,0.040411074
Gamma,Q183E,-0.018871056
Iota,Q183E,0.100359865
Lambda,Q183E,0.037207715
Mu,Q183E,0.051955596
Omicron/BA.1,Q183E,0.009700842
Omicron/BA.2,Q183E,0.04722128
Omicron/BA.4+,Q183E,-0.017600734
Wild Type,Q183E,0.006206726
bivalent,Q183E,-0.10969303
bivalent_with_rna,Q183E,-0.025914537
cocktail,Q183E,-0.021995842
double_vax,Q183E,0.049836207
inactivated,Q183E,0.008075608
inactivated_with_rna,Q183E,0.044432223
multiple_rna,Q183E,-0.037093014
rna,Q183E,0.047708295
single_vax,Q183E,-0.05224445
unknown,Q183E,-0.014995466
vax_with_bivalent,Q183E,0.042211942
vax_with_rna,Q183E,-0.04714028
Alpha,Q183P,-0.032268986
Beta,Q183P,-0.12667486
Delta,Q183P,0.06366529
Epsilon,Q183P,-0.08482597
Gamma,Q183P,-0.0013364356
Iota,Q183P,-0.063264705
Lambda,Q183P,-0.07204041
Mu,Q183P,-0.06269285
Omicron/BA.1,Q183P,-0.03159998
Omicron/BA.2,Q183P,0.08903809
Omicron/BA.4+,Q183P,0.08708678
Wild Type,Q183P,-0.071679994
bivalent,Q183P,-0.06494197
bivalent_with_rna,Q183P,0.0067130243
cocktail,Q183P,0.05957535
double_vax,Q183P,0.011963926
inactivated,Q183P,-0.061897635
inactivated_with_rna,Q183P,-0.0983383
multiple_rna,Q183P,0.0010632835
rna,Q183P,-0.027416892
single_vax,Q183P,0.029213587
unknown,Q183P,-0.057036545
vax_with_bivalent,Q183P,-0.056725312
vax_with_rna,Q183P,0.048613627
Alpha,Q183S,0.08232016
Beta,Q183S,0.030539665
Delta,Q183S,-0.0133629255
Epsilon,Q183S,0.002437517
Gamma,Q183S,0.075631395
Iota,Q183S,-0.06926505
Lambda,Q183S,-0.09479769
Mu,Q183S,-0.008082089
Omicron/BA.1,Q183S,-0.031909637
Omicron/BA.2,Q183S,-0.038172506
Omicron/BA.4+,Q183S,0.004868204
Wild Type,Q183S,-0.005302497
bivalent,Q183S,0.09636103
bivalent_with_rna,Q183S,0.0251939
cocktail,Q183S,0.042100295
double_vax,Q183S,-0.0035255796
inactivated,Q183S,0.013484424
inactivated_with_rna,Q183S,-0.009365089
multiple_rna,Q183S,-0.028817346
rna,Q183S,-0.052554082
single_vax,Q183S,0.0020128125
unknown,Q183S,-0.082756445
vax_with_bivalent,Q183S,-0.10450171
vax_with_rna,Q183S,-0.07396345
Alpha,Q218H,-0.082639016
Beta,Q218H,-0.003376551
Delta,Q218H,0.011002323
Epsilon,Q218H,-0.008347524
Gamma,Q218H,-0.001263788
Iota,Q218H,-0.042062417
Lambda,Q218H,0.051119633
Mu,Q218H,-0.054984972
Omicron/BA.1,Q218H,-0.17738782
Omicron/BA.2,Q218H,0.023232892
Omicron/BA.4+,Q218H,-0.011359758
Wild Type,Q218H,0.0179098
bivalent,Q218H,-0.02084434
bivalent_with_rna,Q218H,0.056522537
cocktail,Q218H,0.038448874
double_vax,Q218H,-0.021019038
inactivated,Q218H,-0.035884183
inactivated_with_rna,Q218H,0.08910969
multiple_rna,Q218H,-0.0018153235
rna,Q218H,0.007148223
single_vax,Q218H,-0.11263207
unknown,Q218H,-0.0014662826
vax_with_bivalent,Q218H,-0.008426582
vax_with_rna,Q218H,0.058598407
Alpha,Q218I,0.07927673
Beta,Q218I,-0.0987457
Delta,Q218I,-0.030652002
Epsilon,Q218I,-0.05217034
Gamma,Q218I,0.04896044
Iota,Q218I,-0.036307935
Lambda,Q218I,0.0213523
Mu,Q218I,0.032022648
Omicron/BA.1,Q218I,-0.011398051
Omicron/BA.2,Q218I,0.076670796
Omicron/BA.4+,Q218I,-0.07855999
Wild Type,Q218I,0.025690965
bivalent,Q218I,0.015250934
bivalent_with_rna,Q218I,0.013530802
cocktail,Q218I,-0.033213012
double_vax,Q218I,-0.030581253
inactivated,Q218I,-0.031869184
inactivated_with_rna,Q218I,-0.045281425
multiple_rna,Q218I,-0.043301433
rna,Q218I,0.017438913
single_vax,Q218I,-0.005090559
unknown,Q218I,-0.052168224
vax_with_bivalent,Q218I,0.05887692
vax_with_rna,Q218I,0.0068636667
Alpha,Q218R,0.03714014
Beta,Q218R,0.03544239
Delta,Q218R,0.028922774
Epsilon,Q218R,0.06726034
Gamma,Q218R,0.031496122
Iota,Q218R,-0.11682362
Lambda,Q218R,0.009043348
Mu,Q218R,0.08337718
Omicron/BA.1,Q218R,0.009814347
Omicron/BA.2,Q218R,5.9339684e-05
Omicron/BA.4+,Q218R,-0.0007215529
Wild Type,Q218R,-0.027155139
bivalent,Q218R,-0.047308307
bivalent_with_rna,Q218R,-0.1009716
cocktail,Q218R,-0.034834553
double_vax,Q218R,-0.076245
inactivated,Q218R,0.030448452
inactivated_with_rna,Q218R,0.035519373
multiple_rna,Q218R,-0.021333791
rna,Q218R,0.028267877
single_vax,Q218R,0.085456915
unknown,Q218R,0.12170644
vax_with_bivalent,Q218R,0.0030261595
vax_with_rna,Q218R,0.06943344
Alpha,Q218S,-0.022913076
Beta,Q218S,0.1070234
Delta,Q218S,0.061056644
Epsilon,Q218S,0.04677382
Gamma,Q218S,0.08256388
Iota,Q218S,0.08818334
Lambda,Q218S,-0.012502772
Mu,Q218S,0.12600806
Omicron/BA.1,Q218S,0.09733194
Omicron/BA.2,Q218S,-0.04434533
Omicron/BA.4+,Q218S,-0.019726604
Wild Type,Q218S,-0.012608781
bivalent,Q218S,-0.014784489
bivalent_with_rna,Q218S,0.02336358
cocktail,Q218S,-0.09952311
double_vax,Q218S,-0.059208363
inactivated,Q218S,0.021382451
inactivated_with_rna,Q218S,-0.016068725
multiple_rna,Q218S,-0.10197218
rna,Q218S,-0.038718164
single_vax,Q218S,0.0025811717
unknown,Q218S,-0.040384896
vax_with_bivalent,Q218S,0.025552716
vax_with_rna,Q218S,0.07573358
Alpha,Q218T,0.044478968
Beta,Q218T,-0.07446162
Delta,Q218T,0.03432668
Epsilon,Q218T,0.039576836
Gamma,Q218T,-0.047314957
Iota,Q218T,-0.14881499
Lambda,Q218T,-0.00036554737
Mu,Q218T,-0.087433614
Omicron/BA.1,Q218T,0.057597812
Omicron/BA.2,Q218T,0.013855574
Omicron/BA.4+,Q218T,-0.023896718
Wild Type,Q218T,-0.044136763
bivalent,Q218T,0.02607651
bivalent_with_rna,Q218T,-0.09283746
cocktail,Q218T,0.09413353
double_vax,Q218T,-0.056843083
inactivated,Q218T,-0.061803542
inactivated_with_rna,Q218T,-0.019896079
multiple_rna,Q218T,-0.01486615
rna,Q218T,-0.05969942
single_vax,Q218T,-0.08092694
unknown,Q218T,0.12499004
vax_with_bivalent,Q218T,0.02586159
vax_with_rna,Q218T,-0.0042726453
Alpha,Q239R,0.05413112
Beta,Q239R,0.0098307
Delta,Q239R,-0.043048665
Epsilon,Q239R,0.005133841
Gamma,Q239R,0.027883373
Iota,Q239R,0.01879074
Lambda,Q239R,0.065528244
Mu,Q239R,0.026279725
Omicron/BA.1,Q239R,0.0047915997
Omicron/BA.2,Q239R,-0.020452498
Omicron/BA.4+,Q239R,-0.016584918
Wild Type,Q239R,0.016796444
bivalent,Q239R,0.021816453
bivalent_with_rna,Q239R,-0.038004518
cocktail,Q239R,-0.01821701
double_vax,Q239R,-0.002761172
inactivated,Q239R,0.012117185
inactivated_with_rna,Q239R,-0.06286951
multiple_rna,Q239R,0.0039586155
rna,Q239R,-0.05361675
single_vax,Q239R,0.018832164
unknown,Q239R,0.0070985286
vax_with_bivalent,Q239R,0.040547185
vax_with_rna,Q239R,0.040865384
Alpha,Q23D,0.06425739
Beta,Q23D,-0.22990489
Delta,Q23D,-0.042530753
Epsilon,Q23D,0.0008403673
Gamma,Q23D,-0.117988996
Iota,Q23D,0.036414433
Lambda,Q23D,0.002718464
Mu,Q23D,0.02727474
Omicron/BA.1,Q23D,0.032151394
Omicron/BA.2,Q23D,0.089484595
Omicron/BA.4+,Q23D,-0.09111717
Wild Type,Q23D,-0.049480777
bivalent,Q23D,0.016750274
bivalent_with_rna,Q23D,0.1159763
cocktail,Q23D,0.070196845
double_vax,Q23D,0.047779825
inactivated,Q23D,-0.0067655463
inactivated_with_rna,Q23D,-0.00040511508
multiple_rna,Q23D,-0.013614744
rna,Q23D,-0.0397147
single_vax,Q23D,0.0069300607
unknown,Q23D,0.0075537544
vax_with_bivalent,Q23D,0.0036865342
vax_with_rna,Q23D,0.031669114
Alpha,Q23G,-0.0071703927
Beta,Q23G,-0.097677164
Delta,Q23G,0.014744303
Epsilon,Q23G,-0.09859336
Gamma,Q23G,0.0140108
Iota,Q23G,0.015785512
Lambda,Q23G,-0.014246007
Mu,Q23G,0.110277936
Omicron/BA.1,Q23G,-0.041867785
Omicron/BA.2,Q23G,0.04424713
Omicron/BA.4+,Q23G,-0.056939803
Wild Type,Q23G,0.05020684
bivalent,Q23G,-0.024019232
bivalent_with_rna,Q23G,-0.03489767
cocktail,Q23G,-0.08933512
double_vax,Q23G,0.04695554
inactivated,Q23G,0.043303125
inactivated_with_rna,Q23G,-0.007994069
multiple_rna,Q23G,-0.06414688
rna,Q23G,-0.034752008
single_vax,Q23G,0.0092359
unknown,Q23G,0.13397056
vax_with_bivalent,Q23G,-0.036291737
vax_with_rna,Q23G,-0.01593927
Alpha,Q271A,-0.14597492
Beta,Q271A,0.057223544
Delta,Q271A,0.087430865
Epsilon,Q271A,-0.059551023
Gamma,Q271A,0.021141555
Iota,Q271A,-0.019236
Lambda,Q271A,0.06441703
Mu,Q271A,0.000674753
Omicron/BA.1,Q271A,-0.024860103
Omicron/BA.2,Q271A,0.033708178
Omicron/BA.4+,Q271A,-0.00080980593
Wild Type,Q271A,-0.018758537
bivalent,Q271A,0.008588907
bivalent_with_rna,Q271A,-0.01879686
cocktail,Q271A,0.05902142
double_vax,Q271A,0.048226077
inactivated,Q271A,-0.055671886
inactivated_with_rna,Q271A,0.085556336
multiple_rna,Q271A,-0.024940165
rna,Q271A,-0.016573785
single_vax,Q271A,-0.051517513
unknown,Q271A,0.01943177
vax_with_bivalent,Q271A,0.048757438
vax_with_rna,Q271A,0.07921592
Alpha,Q271K,0.012890307
Beta,Q271K,-0.09406885
Delta,Q271K,0.013601016
Epsilon,Q271K,-0.025207067
Gamma,Q271K,0.111537255
Iota,Q271K,0.09602769
Lambda,Q271K,0.019342314
Mu,Q271K,-0.009428652
Omicron/BA.1,Q271K,0.008567594
Omicron/BA.2,Q271K,0.116115905
Omicron/BA.4+,Q271K,-0.079308674
Wild Type,Q271K,-0.04087803
bivalent,Q271K,0.020174522
bivalent_with_rna,Q271K,0.056487434
cocktail,Q271K,-0.022602757
double_vax,Q271K,-0.03214153
inactivated,Q271K,0.08479701
inactivated_with_rna,Q271K,-0.10525691
multiple_rna,Q271K,-0.013176412
rna,Q271K,-0.007846929
single_vax,Q271K,0.0032816394
unknown,Q271K,-0.007231585
vax_with_bivalent,Q271K,-0.010208436
vax_with_rna,Q271K,-0.06884656
Alpha,Q321A,-0.018137367
Beta,Q321A,-0.0023250636
Delta,Q321A,0.10214715
Epsilon,Q321A,0.011127174
Gamma,Q321A,-0.014109002
Iota,Q321A,0.020861369
Lambda,Q321A,0.01812972
Mu,Q321A,0.01780904
Omicron/BA.1,Q321A,-0.02579159
Omicron/BA.2,Q321A,0.029260227
Omicron/BA.4+,Q321A,0.03713693
Wild Type,Q321A,-0.02276726
bivalent,Q321A,0.012181573
bivalent_with_rna,Q321A,-0.0090940185
cocktail,Q321A,0.026041009
double_vax,Q321A,-0.029364347
inactivated,Q321A,0.015424915
inactivated_with_rna,Q321A,0.00999461
multiple_rna,Q321A,0.05089158
rna,Q321A,-0.06596365
single_vax,Q321A,-0.017694771
unknown,Q321A,-0.0792313
vax_with_bivalent,Q321A,0.042884663
vax_with_rna,Q321A,0.0070068603
Alpha,Q321V,-0.046969675
Beta,Q321V,-0.0937714
Delta,Q321V,0.11498639
Epsilon,Q321V,-0.026744612
Gamma,Q321V,-0.01156862
Iota,Q321V,-0.0023825746
Lambda,Q321V,0.0052560493
Mu,Q321V,0.032650676
Omicron/BA.1,Q321V,0.033868592
Omicron/BA.2,Q321V,-0.08546336
Omicron/BA.4+,Q321V,-0.031886056
Wild Type,Q321V,-0.058911763
bivalent,Q321V,-0.01794975
bivalent_with_rna,Q321V,0.0001607351
cocktail,Q321V,-0.006167749
double_vax,Q321V,-0.048381858
inactivated,Q321V,-0.011854892
inactivated_with_rna,Q321V,0.0003080219
multiple_rna,Q321V,0.062921785
rna,Q321V,-0.027279433
single_vax,Q321V,0.014095968
unknown,Q321V,-0.03287325
vax_with_bivalent,Q321V,-0.03490892
vax_with_rna,Q321V,-0.05662808
Alpha,Q474S,-0.02638566
Beta,Q474S,0.017114386
Delta,Q474S,-0.058582276
Epsilon,Q474S,0.04340532
Gamma,Q474S,0.05013217
Iota,Q474S,0.06838721
Lambda,Q474S,0.07822591
Mu,Q474S,-0.061216988
Omicron/BA.1,Q474S,0.006497547
Omicron/BA.2,Q474S,0.022026388
Omicron/BA.4+,Q474S,0.03633185
Wild Type,Q474S,-0.0650027
bivalent,Q474S,0.03042946
bivalent_with_rna,Q474S,0.029874496
cocktail,Q474S,0.031376928
double_vax,Q474S,-0.024166968
inactivated,Q474S,-0.13763171
inactivated_with_rna,Q474S,-0.026454879
multiple_rna,Q474S,0.017158814
rna,Q474S,-0.025200378
single_vax,Q474S,-0.00637077
unknown,Q474S,-0.034941554
vax_with_bivalent,Q474S,-0.06047502
vax_with_rna,Q474S,0.039450675
Alpha,Q493E,-0.018988598
Beta,Q493E,-0.039153986
Delta,Q493E,0.047116864
Epsilon,Q493E,-0.0044234856
Gamma,Q493E,0.01694237
Iota,Q493E,-0.04303058
Lambda,Q493E,9.261258e-05
Mu,Q493E,-0.06958578
Omicron/BA.1,Q493E,0.0541647
Omicron/BA.2,Q493E,-0.021683212
Omicron/BA.4+,Q493E,-0.028601617
Wild Type,Q493E,0.04801215
bivalent,Q493E,-0.004000302
bivalent_with_rna,Q493E,0.045917828
cocktail,Q493E,-0.10812063
double_vax,Q493E,0.012832403
inactivated,Q493E,-0.017569607
inactivated_with_rna,Q493E,0.014548607
multiple_rna,Q493E,-0.07221326
rna,Q493E,0.050163545
single_vax,Q493E,-0.081015185
unknown,Q493E,-0.0415133
vax_with_bivalent,Q493E,0.059066374
vax_with_rna,Q493E,0.008991645
Alpha,Q493K,0.015275003
Beta,Q493K,-0.042964086
Delta,Q493K,0.17014043
Epsilon,Q493K,-0.04539135
Gamma,Q493K,-0.020514006
Iota,Q493K,0.11550777
Lambda,Q493K,0.014001763
Mu,Q493K,0.050115217
Omicron/BA.1,Q493K,0.023494631
Omicron/BA.2,Q493K,0.018800937
Omicron/BA.4+,Q493K,0.01648503
Wild Type,Q493K,0.027164252
bivalent,Q493K,-0.045603685
bivalent_with_rna,Q493K,-0.0031960197
cocktail,Q493K,0.07995581
double_vax,Q493K,0.10300654
inactivated,Q493K,0.014637571
inactivated_with_rna,Q493K,-0.02261585
multiple_rna,Q493K,0.006102899
rna,Q493K,0.037414256
single_vax,Q493K,-0.0025949907
unknown,Q493K,0.08909059
vax_with_bivalent,Q493K,0.026726723
vax_with_rna,Q493K,0.063564695
Alpha,Q493N,-0.15843113
Beta,Q493N,0.089531146
Delta,Q493N,0.11101673
Epsilon,Q493N,-0.01397739
Gamma,Q493N,-0.12514688
Iota,Q493N,0.0043365913
Lambda,Q493N,-0.030531842
Mu,Q493N,-0.06473695
Omicron/BA.1,Q493N,-0.027841462
Omicron/BA.2,Q493N,-0.026384905
Omicron/BA.4+,Q493N,-0.1177458
Wild Type,Q493N,-0.062111124
bivalent,Q493N,-0.040742222
bivalent_with_rna,Q493N,0.06821084
cocktail,Q493N,-0.015395562
double_vax,Q493N,-0.0048749233
inactivated,Q493N,0.035672612
inactivated_with_rna,Q493N,0.09553331
multiple_rna,Q493N,-0.03864375
rna,Q493N,-0.020029197
single_vax,Q493N,0.013807928
unknown,Q493N,-0.07709072
vax_with_bivalent,Q493N,-0.013638261
vax_with_rna,Q493N,0.09193154
Alpha,Q493Q,0.06576165
Beta,Q493Q,0.012495082
Delta,Q493Q,0.030128427
Epsilon,Q493Q,-0.035484202
Gamma,Q493Q,0.044589207
Iota,Q493Q,-0.07198097
Lambda,Q493Q,-0.06212238
Mu,Q493Q,0.07207781
Omicron/BA.1,Q493Q,-0.03349835
Omicron/BA.2,Q493Q,0.07116597
Omicron/BA.4+,Q493Q,0.016543072
Wild Type,Q493Q,-0.16637373
bivalent,Q493Q,-0.004992151
bivalent_with_rna,Q493Q,0.00029237708
cocktail,Q493Q,0.016519925
double_vax,Q493Q,-0.10289301
inactivated,Q493Q,-0.026075512
inactivated_with_rna,Q493Q,-0.05015212
multiple_rna,Q493Q,0.10720693
rna,Q493Q,-0.027335959
single_vax,Q493Q,-0.03352715
unknown,Q493Q,-0.13983467
vax_with_bivalent,Q493Q,0.13565442
vax_with_rna,Q493Q,0.07361521
Alpha,Q493R,-0.02044103
Beta,Q493R,0.008339593
Delta,Q493R,0.030592829
Epsilon,Q493R,-0.0038394858
Gamma,Q493R,-0.017612996
Iota,Q493R,0.02177472
Lambda,Q493R,-0.021604564
Mu,Q493R,0.010296445
Omicron/BA.1,Q493R,-0.06659141
Omicron/BA.2,Q493R,-0.044334788
Omicron/BA.4+,Q493R,0.00031696865
Wild Type,Q493R,-0.027919948
bivalent,Q493R,-0.026410086
bivalent_with_rna,Q493R,-0.043959647
cocktail,Q493R,0.005261906
double_vax,Q493R,-0.03139733
inactivated,Q493R,-0.01692016
inactivated_with_rna,Q493R,-0.033828046
multiple_rna,Q493R,-0.09195581
rna,Q493R,-0.004622926
single_vax,Q493R,-0.044300515
unknown,Q493R,-0.0847308
vax_with_bivalent,Q493R,-0.053477403
vax_with_rna,Q493R,0.016423365
Alpha,Q498H,0.050466277
Beta,Q498H,-0.039743662
Delta,Q498H,0.011211436
Epsilon,Q498H,-0.0031942907
Gamma,Q498H,0.06790263
Iota,Q498H,-0.021651559
Lambda,Q498H,-0.053852037
Mu,Q498H,-0.048436906
Omicron/BA.1,Q498H,-0.011387948
Omicron/BA.2,Q498H,-0.039775465
Omicron/BA.4+,Q498H,-0.037544005
Wild Type,Q498H,-0.06639168
bivalent,Q498H,0.003625773
bivalent_with_rna,Q498H,0.0076444345
cocktail,Q498H,-0.022004995
double_vax,Q498H,0.098850004
inactivated,Q498H,0.035289776
inactivated_with_rna,Q498H,0.10690717
multiple_rna,Q498H,0.03222149
rna,Q498H,-0.033933613
single_vax,Q498H,-0.07332106
unknown,Q498H,-0.107112505
vax_with_bivalent,Q498H,0.01859096
vax_with_rna,Q498H,0.037050836
Alpha,Q498Q,0.05067396
Beta,Q498Q,0.016378181
Delta,Q498Q,0.093802795
Epsilon,Q498Q,-0.07801548
Gamma,Q498Q,-0.13673052
Iota,Q498Q,-0.050914988
Lambda,Q498Q,0.03100572
Mu,Q498Q,-0.018931178
Omicron/BA.1,Q498Q,-0.06642
Omicron/BA.2,Q498Q,0.17408031
Omicron/BA.4+,Q498Q,0.051223464
Wild Type,Q498Q,-0.07236715
bivalent,Q498Q,-0.0062943976
bivalent_with_rna,Q498Q,-0.024606625
cocktail,Q498Q,-0.033308677
double_vax,Q498Q,0.051073965
inactivated,Q498Q,0.017583705
inactivated_with_rna,Q498Q,0.028787436
multiple_rna,Q498Q,0.06728557
rna,Q498Q,-0.02077369
single_vax,Q498Q,-0.032526847
unknown,Q498Q,0.082488894
vax_with_bivalent,Q498Q,-0.008837013
vax_with_rna,Q498Q,-0.023277637
Alpha,Q498R,0.031244066
Beta,Q498R,-0.016595393
Delta,Q498R,0.022875434
Epsilon,Q498R,0.056329314
Gamma,Q498R,-0.0099484995
Iota,Q498R,0.06915156
Lambda,Q498R,0.021408087
Mu,Q498R,-0.057882287
Omicron/BA.1,Q498R,-0.034108005
Omicron/BA.2,Q498R,-0.074185476
Omicron/BA.4+,Q498R,-0.032643795
Wild Type,Q498R,-0.030012079
bivalent,Q498R,0.011424162
bivalent_with_rna,Q498R,0.034613274
cocktail,Q498R,0.1253455
double_vax,Q498R,0.048422698
inactivated,Q498R,0.017973458
inactivated_with_rna,Q498R,-0.015396071
multiple_rna,Q498R,-0.011295743
rna,Q498R,0.025929147
single_vax,Q498R,0.028965954
unknown,Q498R,0.005059172
vax_with_bivalent,Q498R,0.014494443
vax_with_rna,Q498R,0.037981927
Alpha,Q498Y,0.05204954
Beta,Q498Y,0.020129967
Delta,Q498Y,-0.0066851038
Epsilon,Q498Y,-0.048152935
Gamma,Q498Y,-0.09080083
Iota,Q498Y,-0.02866818
Lambda,Q498Y,0.07393677
Mu,Q498Y,-0.03794462
Omicron/BA.1,Q498Y,0.00535703
Omicron/BA.2,Q498Y,-0.035680495
Omicron/BA.4+,Q498Y,-0.003641905
Wild Type,Q498Y,-0.022249678
bivalent,Q498Y,-0.085939094
bivalent_with_rna,Q498Y,0.058782384
cocktail,Q498Y,0.02548525
double_vax,Q498Y,-0.010301944
inactivated,Q498Y,-0.040710915
inactivated_with_rna,Q498Y,-0.029271867
multiple_rna,Q498Y,-0.110927634
rna,Q498Y,-0.026993059
single_vax,Q498Y,0.018808704
unknown,Q498Y,0.08620479
vax_with_bivalent,Q498Y,-0.0016248375
vax_with_rna,Q498Y,-0.030070102
Alpha,Q52R,0.1373288
Beta,Q52R,-0.0030804677
Delta,Q52R,-0.03626724
Epsilon,Q52R,0.025747249
Gamma,Q52R,0.067987666
Iota,Q52R,0.022992572
Lambda,Q52R,0.05928119
Mu,Q52R,-0.073875055
Omicron/BA.1,Q52R,-0.025581019
Omicron/BA.2,Q52R,-0.051989738
Omicron/BA.4+,Q52R,0.03689772
Wild Type,Q52R,-0.11498055
bivalent,Q52R,0.02023487
bivalent_with_rna,Q52R,0.012084088
cocktail,Q52R,0.012457255
double_vax,Q52R,-2.0274892e-05
inactivated,Q52R,-0.15562077
inactivated_with_rna,Q52R,-0.11036414
multiple_rna,Q52R,-0.019244744
rna,Q52R,0.08485844
single_vax,Q52R,0.016185699
unknown,Q52R,-0.013143785
vax_with_bivalent,Q52R,-0.102367535
vax_with_rna,Q52R,-0.1288361
Alpha,Q580K,-0.0959538
Beta,Q580K,-0.015952602
Delta,Q580K,-0.0016194982
Epsilon,Q580K,0.06108374
Gamma,Q580K,0.02361298
Iota,Q580K,0.031203775
Lambda,Q580K,-0.07713451
Mu,Q580K,0.08272546
Omicron/BA.1,Q580K,0.08520275
Omicron/BA.2,Q580K,0.063589
Omicron/BA.4+,Q580K,0.07601563
Wild Type,Q580K,-0.064489916
bivalent,Q580K,0.053271595
bivalent_with_rna,Q580K,0.03017364
cocktail,Q580K,0.018882886
double_vax,Q580K,-0.05364517
inactivated,Q580K,-0.04852256
inactivated_with_rna,Q580K,0.0021714298
multiple_rna,Q580K,0.046983726
rna,Q580K,-0.044987053
single_vax,Q580K,0.0094667375
unknown,Q580K,-0.04862891
vax_with_bivalent,Q580K,0.03796566
vax_with_rna,Q580K,-0.025489667
Alpha,Q607E,-0.037118502
Beta,Q607E,-0.0055872328
Delta,Q607E,0.07507225
Epsilon,Q607E,-0.1414572
Gamma,Q607E,0.10218835
Iota,Q607E,0.12043734
Lambda,Q607E,-0.020220552
Mu,Q607E,0.021238303
Omicron/BA.1,Q607E,-0.04114829
Omicron/BA.2,Q607E,0.12030502
Omicron/BA.4+,Q607E,0.101278424
Wild Type,Q607E,-0.017031789
bivalent,Q607E,0.090528354
bivalent_with_rna,Q607E,0.07314834
cocktail,Q607E,-0.051548157
double_vax,Q607E,-0.019257696
inactivated,Q607E,0.007333996
inactivated_with_rna,Q607E,-0.1097208
multiple_rna,Q607E,0.029303728
rna,Q607E,-0.04428202
single_vax,Q607E,-0.0035949927
unknown,Q607E,0.0058033783
vax_with_bivalent,Q607E,0.016487405
vax_with_rna,Q607E,0.03179983
Alpha,Q613H,0.0869662
Beta,Q613H,-0.04211366
Delta,Q613H,-0.0068392847
Epsilon,Q613H,-0.1038318
Gamma,Q613H,-0.0002347976
Iota,Q613H,0.06393724
Lambda,Q613H,-0.065911174
Mu,Q613H,-0.008414129
Omicron/BA.1,Q613H,-0.075429186
Omicron/BA.2,Q613H,0.037581842
Omicron/BA.4+,Q613H,-0.016567273
Wild Type,Q613H,-0.031061891
bivalent,Q613H,0.044362087
bivalent_with_rna,Q613H,-0.03302248
cocktail,Q613H,0.098139174
double_vax,Q613H,0.116440736
inactivated,Q613H,-0.0036930144
inactivated_with_rna,Q613H,-0.06441694
multiple_rna,Q613H,-0.11157115
rna,Q613H,-0.004465256
single_vax,Q613H,-0.052797493
unknown,Q613H,-0.030080268
vax_with_bivalent,Q613H,-0.07485546
vax_with_rna,Q613H,0.010741707
Alpha,Q675H,0.14060298
Beta,Q675H,-0.019347303
Delta,Q675H,0.02983079
Epsilon,Q675H,-0.03157999
Gamma,Q675H,-0.030647762
Iota,Q675H,-0.030308861
Lambda,Q675H,0.064037204
Mu,Q675H,-0.017808039
Omicron/BA.1,Q675H,0.081200786
Omicron/BA.2,Q675H,0.08594342
Omicron/BA.4+,Q675H,0.06730204
Wild Type,Q675H,-0.027680613
bivalent,Q675H,0.0588238
bivalent_with_rna,Q675H,-0.0109257875
cocktail,Q675H,-0.12897202
double_vax,Q675H,-0.020164305
inactivated,Q675H,-0.004549698
inactivated_with_rna,Q675H,-0.03476752
multiple_rna,Q675H,-0.012950415
rna,Q675H,-0.04758892
single_vax,Q675H,0.029779194
unknown,Q675H,-0.08113322
vax_with_bivalent,Q675H,-0.029875597
vax_with_rna,Q675H,-0.010863216
Alpha,Q677H,-0.05248937
Beta,Q677H,-0.033575818
Delta,Q677H,-0.044819605
Epsilon,Q677H,0.030780757
Gamma,Q677H,-0.07159771
Iota,Q677H,0.0128080305
Lambda,Q677H,0.07483869
Mu,Q677H,0.0040348414
Omicron/BA.1,Q677H,-0.04616826
Omicron/BA.2,Q677H,-0.0311849
Omicron/BA.4+,Q677H,0.017682143
Wild Type,Q677H,-0.08773444
bivalent,Q677H,0.02871352
bivalent_with_rna,Q677H,-0.015697539
cocktail,Q677H,0.06078259
double_vax,Q677H,-0.045569032
inactivated,Q677H,0.08816533
inactivated_with_rna,Q677H,0.016122527
multiple_rna,Q677H,-0.026072226
rna,Q677H,-0.02072187
single_vax,Q677H,0.00092582474
unknown,Q677H,-0.024315475
vax_with_bivalent,Q677H,0.05718038
vax_with_rna,Q677H,0.038841218
Alpha,Q677M,0.01930796
Beta,Q677M,-0.0035518417
Delta,Q677M,-0.11649919
Epsilon,Q677M,0.032655023
Gamma,Q677M,-0.03367022
Iota,Q677M,0.05977599
Lambda,Q677M,-0.014577905
Mu,Q677M,-0.039614033
Omicron/BA.1,Q677M,0.0096690385
Omicron/BA.2,Q677M,0.12092684
Omicron/BA.4+,Q677M,0.04874921
Wild Type,Q677M,-0.01452272
bivalent,Q677M,0.11425529
bivalent_with_rna,Q677M,0.044990234
cocktail,Q677M,-0.037099287
double_vax,Q677M,-0.05590612
inactivated,Q677M,-0.002661597
inactivated_with_rna,Q677M,0.05801273
multiple_rna,Q677M,0.020873316
rna,Q677M,0.051673435
single_vax,Q677M,0.12802336
unknown,Q677M,0.055946276
vax_with_bivalent,Q677M,-0.025716145
vax_with_rna,Q677M,-0.05062571
Alpha,Q677V,-0.08269976
Beta,Q677V,-0.028068235
Delta,Q677V,-0.0049102623
Epsilon,Q677V,0.07729458
Gamma,Q677V,-0.0016302643
Iota,Q677V,0.117460504
Lambda,Q677V,-0.07628706
Mu,Q677V,0.0050227535
Omicron/BA.1,Q677V,0.050200354
Omicron/BA.2,Q677V,-0.049498092
Omicron/BA.4+,Q677V,0.057158522
Wild Type,Q677V,-0.01303693
bivalent,Q677V,-0.030096455
bivalent_with_rna,Q677V,0.05049449
cocktail,Q677V,-0.002185712
double_vax,Q677V,-0.0015005884
inactivated,Q677V,0.010195802
inactivated_with_rna,Q677V,-0.05069581
multiple_rna,Q677V,-0.0026995102
rna,Q677V,-0.042723365
single_vax,Q677V,0.011931827
unknown,Q677V,-0.060041327
vax_with_bivalent,Q677V,-0.033379585
vax_with_rna,Q677V,0.055257156
Alpha,Q690K,-0.03390215
Beta,Q690K,0.120713934
Delta,Q690K,-0.06065642
Epsilon,Q690K,-0.0403825
Gamma,Q690K,0.0152303735
Iota,Q690K,-0.02532151
Lambda,Q690K,-0.049841665
Mu,Q690K,0.001287967
Omicron/BA.1,Q690K,-0.04428462
Omicron/BA.2,Q690K,0.018741755
Omicron/BA.4+,Q690K,0.030654036
Wild Type,Q690K,0.018731706
bivalent,Q690K,0.05832238
bivalent_with_rna,Q690K,0.009891594
cocktail,Q690K,-0.037394203
double_vax,Q690K,0.0100398455
inactivated,Q690K,-0.012627259
inactivated_with_rna,Q690K,0.005462246
multiple_rna,Q690K,0.09968205
rna,Q690K,-0.04016361
single_vax,Q690K,0.025663354
unknown,Q690K,-0.0462761
vax_with_bivalent,Q690K,-0.079845704
vax_with_rna,Q690K,-0.12452542
Alpha,Q690R,0.02645266
Beta,Q690R,-0.025295466
Delta,Q690R,0.024070572
Epsilon,Q690R,0.03481884
Gamma,Q690R,0.00045176223
Iota,Q690R,-0.017577114
Lambda,Q690R,0.0059376275
Mu,Q690R,-0.046568424
Omicron/BA.1,Q690R,-0.013592217
Omicron/BA.2,Q690R,0.07740378
Omicron/BA.4+,Q690R,0.0980568
Wild Type,Q690R,-0.004234329
bivalent,Q690R,-0.11572157
bivalent_with_rna,Q690R,0.03643688
cocktail,Q690R,-0.05045232
double_vax,Q690R,0.019522475
inactivated,Q690R,0.042969346
inactivated_with_rna,Q690R,0.0076531265
multiple_rna,Q690R,0.040991735
rna,Q690R,-0.013096631
single_vax,Q690R,0.0021530683
unknown,Q690R,0.11447135
vax_with_bivalent,Q690R,0.015280829
vax_with_rna,Q690R,0.0006975448
Alpha,Q779R,-0.05238586
Beta,Q779R,-0.05013442
Delta,Q779R,0.0097198915
Epsilon,Q779R,0.06930954
Gamma,Q779R,0.10859714
Iota,Q779R,-0.044978067
Lambda,Q779R,-0.035811115
Mu,Q779R,-0.050333563
Omicron/BA.1,Q779R,0.061861407
Omicron/BA.2,Q779R,-0.023369696
Omicron/BA.4+,Q779R,0.08655425
Wild Type,Q779R,-0.0064030206
bivalent,Q779R,-0.011316061
bivalent_with_rna,Q779R,0.02284442
cocktail,Q779R,0.018727511
double_vax,Q779R,0.015429182
inactivated,Q779R,-0.06892368
inactivated_with_rna,Q779R,6.978912e-05
multiple_rna,Q779R,0.10540007
rna,Q779R,-0.034330353
single_vax,Q779R,0.011804242
unknown,Q779R,0.089912556
vax_with_bivalent,Q779R,-0.0034778602
vax_with_rna,Q779R,0.07278466
Alpha,Q872A,-0.024106294
Beta,Q872A,-0.07750743
Delta,Q872A,0.022849146
Epsilon,Q872A,0.0067575052
Gamma,Q872A,-0.03380081
Iota,Q872A,0.15469944
Lambda,Q872A,-0.12131225
Mu,Q872A,0.102081515
Omicron/BA.1,Q872A,0.06283999
Omicron/BA.2,Q872A,-0.12487587
Omicron/BA.4+,Q872A,-0.0013033301
Wild Type,Q872A,-0.027985299
bivalent,Q872A,0.09250388
bivalent_with_rna,Q872A,0.018877413
cocktail,Q872A,0.0051160585
double_vax,Q872A,0.0225729
inactivated,Q872A,0.00480538
inactivated_with_rna,Q872A,-0.042142466
multiple_rna,Q872A,0.14016853
rna,Q872A,-0.046605337
single_vax,Q872A,-0.015353426
unknown,Q872A,-0.047404267
vax_with_bivalent,Q872A,0.06837277
vax_with_rna,Q872A,-0.07061345
Alpha,Q954H,0.09320863
Beta,Q954H,0.07916778
Delta,Q954H,-0.019120233
Epsilon,Q954H,0.03770833
Gamma,Q954H,0.007998309
Iota,Q954H,-0.009930275
Lambda,Q954H,0.10867415
Mu,Q954H,0.008919237
Omicron/BA.1,Q954H,0.014243683
Omicron/BA.2,Q954H,-0.087018885
Omicron/BA.4+,Q954H,-0.043191962
Wild Type,Q954H,0.014669811
bivalent,Q954H,0.0131681375
bivalent_with_rna,Q954H,0.016932197
cocktail,Q954H,-0.034501806
double_vax,Q954H,0.056680333
inactivated,Q954H,0.01910209
inactivated_with_rna,Q954H,-0.0036931527
multiple_rna,Q954H,0.013314258
rna,Q954H,0.040298764
single_vax,Q954H,0.06338272
unknown,Q954H,0.014321705
vax_with_bivalent,Q954H,0.003271393
vax_with_rna,Q954H,0.06349097
Alpha,Q954Q,-0.011488956
Beta,Q954Q,0.025823914
Delta,Q954Q,0.06133395
Epsilon,Q954Q,0.05830773
Gamma,Q954Q,-0.0027388781
Iota,Q954Q,0.03183011
Lambda,Q954Q,0.05090952
Mu,Q954Q,0.046495356
Omicron/BA.1,Q954Q,0.06841956
Omicron/BA.2,Q954Q,-0.01187994
Omicron/BA.4+,Q954Q,0.024200654
Wild Type,Q954Q,0.06561205
bivalent,Q954Q,0.027581804
bivalent_with_rna,Q954Q,0.014724962
cocktail,Q954Q,-0.0063005267
double_vax,Q954Q,-0.024468627
inactivated,Q954Q,0.08358289
inactivated_with_rna,Q954Q,0.03247907
multiple_rna,Q954Q,-0.04119174
rna,Q954Q,-0.011888279
single_vax,Q954Q,-0.039321072
unknown,Q954Q,-0.008260846
vax_with_bivalent,Q954Q,-0.013503294
vax_with_rna,Q954Q,0.025998998
Alpha,Q957H,0.056024425
Beta,Q957H,-0.0846122
Delta,Q957H,0.00063361647
Epsilon,Q957H,-0.025548412
Gamma,Q957H,0.0009197523
Iota,Q957H,0.04378337
Lambda,Q957H,-0.09158726
Mu,Q957H,-0.030947076
Omicron/BA.1,Q957H,0.006938272
Omicron/BA.2,Q957H,-0.11114297
Omicron/BA.4+,Q957H,0.032117497
Wild Type,Q957H,0.05134373
bivalent,Q957H,-0.009743155
bivalent_with_rna,Q957H,0.01206179
cocktail,Q957H,-0.13340342
double_vax,Q957H,-0.012612933
inactivated,Q957H,0.06561289
inactivated_with_rna,Q957H,0.046091598
multiple_rna,Q957H,-0.04253666
rna,Q957H,-0.022675024
single_vax,Q957H,-0.09010653
unknown,Q957H,-0.09060645
vax_with_bivalent,Q957H,-0.0077022742
vax_with_rna,Q957H,-0.012180431
Alpha,Q957R,0.056721594
Beta,Q957R,0.07325107
Delta,Q957R,0.090876
Epsilon,Q957R,0.010929137
Gamma,Q957R,0.037657175
Iota,Q957R,0.026586397
Lambda,Q957R,-0.1175996
Mu,Q957R,0.019646792
Omicron/BA.1,Q957R,0.007378728
Omicron/BA.2,Q957R,-0.040359903
Omicron/BA.4+,Q957R,0.10614249
Wild Type,Q957R,-0.08391811
bivalent,Q957R,-0.04630587
bivalent_with_rna,Q957R,-0.055493597
cocktail,Q957R,0.01330765
double_vax,Q957R,-0.04861938
inactivated,Q957R,0.038657058
inactivated_with_rna,Q957R,0.023235824
multiple_rna,Q957R,0.075098634
rna,Q957R,0.040785376
single_vax,Q957R,-0.0046402905
unknown,Q957R,0.09144898
vax_with_bivalent,Q957R,-0.02183877
vax_with_rna,Q957R,0.042824663
Alpha,R158A,0.04687137
Beta,R158A,-0.040074896
Delta,R158A,-0.07566333
Epsilon,R158A,-0.09251286
Gamma,R158A,-0.03700181
Iota,R158A,0.039388552
Lambda,R158A,0.053917073
Mu,R158A,-0.045606893
Omicron/BA.1,R158A,-0.05498361
Omicron/BA.2,R158A,0.031793293
Omicron/BA.4+,R158A,-0.04178092
Wild Type,R158A,-0.09983277
bivalent,R158A,0.08643289
bivalent_with_rna,R158A,0.029092276
cocktail,R158A,0.12287754
double_vax,R158A,-0.044807013
inactivated,R158A,-0.049786888
inactivated_with_rna,R158A,0.0848907
multiple_rna,R158A,0.0008120164
rna,R158A,0.0009113299
single_vax,R158A,0.0046774345
unknown,R158A,-0.089870155
vax_with_bivalent,R158A,-0.07111578
vax_with_rna,R158A,-0.029872738
Alpha,R158G,-0.09265674
Beta,R158G,0.06624014
Delta,R158G,0.102741286
Epsilon,R158G,0.14224464
Gamma,R158G,-0.046158317
Iota,R158G,0.018593986
Lambda,R158G,-0.09605314
Mu,R158G,0.022144016
Omicron/BA.1,R158G,-0.117571145
Omicron/BA.2,R158G,0.036240533
Omicron/BA.4+,R158G,0.09738101
Wild Type,R158G,-0.045083147
bivalent,R158G,0.11351432
bivalent_with_rna,R158G,-0.06485389
cocktail,R158G,-0.029820321
double_vax,R158G,0.024425149
inactivated,R158G,-0.065375865
inactivated_with_rna,R158G,-0.07752065
multiple_rna,R158G,-0.037537996
rna,R158G,0.021839496
single_vax,R158G,-0.076855145
unknown,R158G,0.016372185
vax_with_bivalent,R158G,0.04925247
vax_with_rna,R158G,-0.060675498
Alpha,R158M,-0.029733544
Beta,R158M,-0.031496845
Delta,R158M,-0.20150176
Epsilon,R158M,-0.05942195
Gamma,R158M,-0.12032044
Iota,R158M,0.032230794
Lambda,R158M,0.05751247
Mu,R158M,0.10365607
Omicron/BA.1,R158M,0.08071519
Omicron/BA.2,R158M,-0.009844774
Omicron/BA.4+,R158M,-0.09637848
Wild Type,R158M,0.008790035
bivalent,R158M,0.03865924
bivalent_with_rna,R158M,0.064552054
cocktail,R158M,0.023471663
double_vax,R158M,-0.007771346
inactivated,R158M,-0.05196754
inactivated_with_rna,R158M,-0.08663846
multiple_rna,R158M,0.053345066
rna,R158M,-0.034191605
single_vax,R158M,0.019070357
unknown,R158M,-0.08614792
vax_with_bivalent,R158M,0.01796414
vax_with_rna,R158M,-0.033990797
Alpha,R158Y,0.0034189336
Beta,R158Y,0.021746056
Delta,R158Y,-0.020841569
Epsilon,R158Y,0.04374326
Gamma,R158Y,0.0078098592
Iota,R158Y,0.0746491
Lambda,R158Y,-0.037814446
Mu,R158Y,-0.07930113
Omicron/BA.1,R158Y,-0.15078966
Omicron/BA.2,R158Y,0.016803548
Omicron/BA.4+,R158Y,0.08627179
Wild Type,R158Y,-0.015517939
bivalent,R158Y,0.03227276
bivalent_with_rna,R158Y,0.013892116
cocktail,R158Y,-0.0001062057
double_vax,R158Y,0.018349223
inactivated,R158Y,-0.014373838
inactivated_with_rna,R158Y,0.00066909345
multiple_rna,R158Y,-0.0151980305
rna,R158Y,-0.028227698
single_vax,R158Y,0.105748616
unknown,R158Y,0.023417033
vax_with_bivalent,R158Y,-0.048353426
vax_with_rna,R158Y,-0.08240452
Alpha,R190K,-0.036644634
Beta,R190K,0.014912718
Delta,R190K,-0.14119637
Epsilon,R190K,0.006797314
Gamma,R190K,0.030070689
Iota,R190K,0.00040566735
Lambda,R190K,0.047957715
Mu,R190K,0.037753135
Omicron/BA.1,R190K,0.0665484
Omicron/BA.2,R190K,-0.06873814
Omicron/BA.4+,R190K,-0.028106293
Wild Type,R190K,-0.104870886
bivalent,R190K,0.051982213
bivalent_with_rna,R190K,-0.06728585
cocktail,R190K,0.09338462
double_vax,R190K,0.11355294
inactivated,R190K,0.08730512
inactivated_with_rna,R190K,-0.005403599
multiple_rna,R190K,-0.06024141
rna,R190K,-0.12139294
single_vax,R190K,0.005899571
unknown,R190K,0.09364422
vax_with_bivalent,R190K,-0.12139932
vax_with_rna,R190K,0.05529037
Alpha,R190S,0.03021387
Beta,R190S,-0.1126914
Delta,R190S,-0.045915224
Epsilon,R190S,-0.13901588
Gamma,R190S,-0.023708051
Iota,R190S,-0.10423358
Lambda,R190S,0.012217812
Mu,R190S,0.028138021
Omicron/BA.1,R190S,0.01470941
Omicron/BA.2,R190S,0.02290861
Omicron/BA.4+,R190S,-0.012237129
Wild Type,R190S,0.066109315
bivalent,R190S,0.013487167
bivalent_with_rna,R190S,0.0025069723
cocktail,R190S,-0.05061437
double_vax,R190S,0.12919314
inactivated,R190S,0.07617912
inactivated_with_rna,R190S,0.061292224
multiple_rna,R190S,-0.06996449
rna,R190S,-0.006534938
single_vax,R190S,0.051796928
unknown,R190S,0.08931766
vax_with_bivalent,R190S,-0.0139208725
vax_with_rna,R190S,0.01013184
Alpha,R214S,-0.0387336
Beta,R214S,0.06658029
Delta,R214S,0.009034801
Epsilon,R214S,-0.050359435
Gamma,R214S,-0.044784695
Iota,R214S,-0.0392288
Lambda,R214S,-0.09007919
Mu,R214S,0.045138087
Omicron/BA.1,R214S,0.020249778
Omicron/BA.2,R214S,0.031834282
Omicron/BA.4+,R214S,-0.06996231
Wild Type,R214S,-0.03793826
bivalent,R214S,0.08594131
bivalent_with_rna,R214S,0.028524986
cocktail,R214S,0.051815435
double_vax,R214S,-0.046052817
inactivated,R214S,-0.025381768
inactivated_with_rna,R214S,0.023640715
multiple_rna,R214S,0.03614436
rna,R214S,-0.013632789
single_vax,R214S,-0.1168449
unknown,R214S,-0.12693115
vax_with_bivalent,R214S,0.027533084
vax_with_rna,R214S,0.045617633
Alpha,R214ins,0.010818567
Beta,R214ins,-0.048960105
Delta,R214ins,0.010753675
Epsilon,R214ins,-0.00056741014
Gamma,R214ins,0.032268587
Iota,R214ins,0.08434453
Lambda,R214ins,-0.09103064
Mu,R214ins,-0.050884694
Omicron/BA.1,R214ins,-0.017637132
Omicron/BA.2,R214ins,-0.081159495
Omicron/BA.4+,R214ins,-0.033999745
Wild Type,R214ins,0.086980924
bivalent,R214ins,-0.030694557
bivalent_with_rna,R214ins,-0.014318582
cocktail,R214ins,0.021257877
double_vax,R214ins,0.0013552061
inactivated,R214ins,-0.020496782
inactivated_with_rna,R214ins,0.08624539
multiple_rna,R214ins,0.015940605
rna,R214ins,-0.016644279
single_vax,R214ins,0.037057728
unknown,R214ins,-0.020215958
vax_with_bivalent,R214ins,-0.0041860435
vax_with_rna,R214ins,0.074587055
Alpha,R21F,0.050885532
Beta,R21F,0.036654133
Delta,R21F,-0.026700204
Epsilon,R21F,-0.0028664647
Gamma,R21F,0.08029551
Iota,R21F,-0.099318385
Lambda,R21F,0.0034082718
Mu,R21F,-0.020969946
Omicron/BA.1,R21F,0.0019603837
Omicron/BA.2,R21F,-0.03523199
Omicron/BA.4+,R21F,-0.10583389
Wild Type,R21F,0.029644802
bivalent,R21F,0.0077899913
bivalent_with_rna,R21F,-0.038864363
cocktail,R21F,-0.017460529
double_vax,R21F,0.0042975578
inactivated,R21F,0.014269324
inactivated_with_rna,R21F,-0.002097926
multiple_rna,R21F,-0.0059878216
rna,R21F,-0.03608709
single_vax,R21F,0.03282261
unknown,R21F,-0.09013206
vax_with_bivalent,R21F,0.010153259
vax_with_rna,R21F,0.10906303
Alpha,R21T,-0.13123098
Beta,R21T,0.026449203
Delta,R21T,-0.072264746
Epsilon,R21T,-0.02188697
Gamma,R21T,-0.07541663
Iota,R21T,0.0041361637
Lambda,R21T,0.06605411
Mu,R21T,0.042437978
Omicron/BA.1,R21T,0.109183975
Omicron/BA.2,R21T,-0.024612145
Omicron/BA.4+,R21T,0.020118572
Wild Type,R21T,-0.118599124
bivalent,R21T,0.03324899
bivalent_with_rna,R21T,0.029759236
cocktail,R21T,-0.02930999
double_vax,R21T,0.09088496
inactivated,R21T,0.014252132
inactivated_with_rna,R21T,0.011264817
multiple_rna,R21T,0.011880582
rna,R21T,0.07418586
single_vax,R21T,-0.115651965
unknown,R21T,-0.14486152
vax_with_bivalent,R21T,-0.0559753
vax_with_rna,R21T,-0.039238375
Alpha,R237K,0.18054411
Beta,R237K,0.0045192963
Delta,R237K,0.043743365
Epsilon,R237K,0.050701134
Gamma,R237K,0.007797094
Iota,R237K,0.026589807
Lambda,R237K,-0.0063767997
Mu,R237K,-0.048052315
Omicron/BA.1,R237K,-0.01410891
Omicron/BA.2,R237K,-0.02345361
Omicron/BA.4+,R237K,-0.0001484952
Wild Type,R237K,0.05424151
bivalent,R237K,-0.06912563
bivalent_with_rna,R237K,0.006023723
cocktail,R237K,0.07668088
double_vax,R237K,-0.0028229645
inactivated,R237K,-0.044371195
inactivated_with_rna,R237K,-0.053966768
multiple_rna,R237K,-0.03821979
rna,R237K,-0.023479389
single_vax,R237K,0.056881852
unknown,R237K,-0.008514493
vax_with_bivalent,R237K,-0.05811452
vax_with_rna,R237K,0.075704195
Alpha,R237N,0.06318501
Beta,R237N,-0.054515358
Delta,R237N,0.059608176
Epsilon,R237N,0.013560085
Gamma,R237N,0.016854499
Iota,R237N,0.09963734
Lambda,R237N,0.02397506
Mu,R237N,-0.035981763
Omicron/BA.1,R237N,0.054327626
Omicron/BA.2,R237N,-0.07751662
Omicron/BA.4+,R237N,0.0070696855
Wild Type,R237N,-0.021874364
bivalent,R237N,0.030331668
bivalent_with_rna,R237N,0.050052043
cocktail,R237N,-0.026622267
double_vax,R237N,0.0054291417
inactivated,R237N,-0.015075143
inactivated_with_rna,R237N,-0.0059186583
multiple_rna,R237N,-0.019386914
rna,R237N,-0.041885447
single_vax,R237N,-0.01161202
unknown,R237N,0.029482994
vax_with_bivalent,R237N,0.11750847
vax_with_rna,R237N,-0.18092774
Alpha,R237T,-0.038176667
Beta,R237T,-0.018374411
Delta,R237T,0.01931417
Epsilon,R237T,0.024212936
Gamma,R237T,0.00040354673
Iota,R237T,0.016624056
Lambda,R237T,0.016019555
Mu,R237T,-0.042118385
Omicron/BA.1,R237T,0.0053217188
Omicron/BA.2,R237T,0.0074663395
Omicron/BA.4+,R237T,0.025771296
Wild Type,R237T,-0.03309328
bivalent,R237T,-0.046853043
bivalent_with_rna,R237T,0.0008697193
cocktail,R237T,0.050364796
double_vax,R237T,0.0015503028
inactivated,R237T,-0.026205469
inactivated_with_rna,R237T,0.004484879
multiple_rna,R237T,-0.10639822
rna,R237T,-0.04468078
single_vax,R237T,0.07201472
unknown,R237T,0.010427498
vax_with_bivalent,R237T,0.027728973
vax_with_rna,R237T,0.043440964
Alpha,R246I,-0.04727032
Beta,R246I,0.14841497
Delta,R246I,0.0130448975
Epsilon,R246I,0.031783625
Gamma,R246I,-0.06011405
Iota,R246I,0.07856781
Lambda,R246I,0.02270913
Mu,R246I,-0.0631555
Omicron/BA.1,R246I,-0.10836575
Omicron/BA.2,R246I,-0.076914996
Omicron/BA.4+,R246I,-0.08163075
Wild Type,R246I,0.06759159
bivalent,R246I,-0.0050598616
bivalent_with_rna,R246I,-0.0012286683
cocktail,R246I,-0.013634866
double_vax,R246I,0.04695682
inactivated,R246I,0.002450462
inactivated_with_rna,R246I,-0.016499648
multiple_rna,R246I,0.053097986
rna,R246I,-0.06522208
single_vax,R246I,0.02094324
unknown,R246I,0.0714148
vax_with_bivalent,R246I,-0.01549544
vax_with_rna,R246I,0.030972928
Alpha,R246M,-0.022656254
Beta,R246M,0.0032149479
Delta,R246M,-0.026345104
Epsilon,R246M,-0.02328148
Gamma,R246M,0.039497107
Iota,R246M,0.07469538
Lambda,R246M,0.015253604
Mu,R246M,-0.025775906
Omicron/BA.1,R246M,0.06142855
Omicron/BA.2,R246M,-0.029176995
Omicron/BA.4+,R246M,0.037516236
Wild Type,R246M,0.005458275
bivalent,R246M,0.044930674
bivalent_with_rna,R246M,0.026563874
cocktail,R246M,-0.08904097
double_vax,R246M,-0.049976602
inactivated,R246M,-0.0066663967
inactivated_with_rna,R246M,-0.08320523
multiple_rna,R246M,0.06442514
rna,R246M,-0.027196482
single_vax,R246M,0.020042092
unknown,R246M,-0.012335394
vax_with_bivalent,R246M,0.05218096
vax_with_rna,R246M,0.035766333
Alpha,R246N,-0.07518848
Beta,R246N,0.014087748
Delta,R246N,0.03497605
Epsilon,R246N,-0.066681676
Gamma,R246N,0.027716072
Iota,R246N,-0.0022881855
Lambda,R246N,0.03790536
Mu,R246N,0.08208566
Omicron/BA.1,R246N,-0.018810855
Omicron/BA.2,R246N,0.043164298
Omicron/BA.4+,R246N,0.044603545
Wild Type,R246N,0.10478098
bivalent,R246N,-0.051878873
bivalent_with_rna,R246N,-0.043261033
cocktail,R246N,0.03922099
double_vax,R246N,-0.13035698
inactivated,R246N,-0.030609915
inactivated_with_rna,R246N,-0.024986709
multiple_rna,R246N,0.032102477
rna,R246N,0.094508916
single_vax,R246N,-0.009449772
unknown,R246N,0.015063557
vax_with_bivalent,R246N,-0.020512054
vax_with_rna,R246N,0.049834743
Alpha,R273T,0.085640624
Beta,R273T,0.033939403
Delta,R273T,-0.00030593527
Epsilon,R273T,0.07772595
Gamma,R273T,-0.0010141553
Iota,R273T,-0.031230086
Lambda,R273T,0.16124684
Mu,R273T,0.041777972
Omicron/BA.1,R273T,-0.021210087
Omicron/BA.2,R273T,0.04950874
Omicron/BA.4+,R273T,0.015609413
Wild Type,R273T,0.006438208
bivalent,R273T,0.079516694
bivalent_with_rna,R273T,0.038241528
cocktail,R273T,-0.065040596
double_vax,R273T,-0.024270803
inactivated,R273T,-0.04826408
inactivated_with_rna,R273T,0.006141728
multiple_rna,R273T,0.0027278098
rna,R273T,-0.03959018
single_vax,R273T,-0.0006853454
unknown,R273T,0.06415319
vax_with_bivalent,R273T,-0.036496155
vax_with_rna,R273T,-0.0020547246
Alpha,R346I,0.039170615
Beta,R346I,-0.057149585
Delta,R346I,0.036006026
Epsilon,R346I,-0.015634676
Gamma,R346I,0.023095585
Iota,R346I,0.03494193
Lambda,R346I,0.07371718
Mu,R346I,-0.0009602867
Omicron/BA.1,R346I,0.06878343
Omicron/BA.2,R346I,-0.0022792195
Omicron/BA.4+,R346I,-0.016184406
Wild Type,R346I,0.029875416
bivalent,R346I,-0.06349695
bivalent_with_rna,R346I,0.0101507455
cocktail,R346I,-0.01557209
double_vax,R346I,-0.029436618
inactivated,R346I,-0.008994475
inactivated_with_rna,R346I,-0.12511556
multiple_rna,R346I,-0.09878316
rna,R346I,-0.036369443
single_vax,R346I,0.06706849
unknown,R346I,-0.021614755
vax_with_bivalent,R346I,0.067919955
vax_with_rna,R346I,0.053175375
Alpha,R346K,0.050505444
Beta,R346K,-0.048631188
Delta,R346K,-0.030283062
Epsilon,R346K,-0.024398
Gamma,R346K,-0.05482474
Iota,R346K,-0.04347421
Lambda,R346K,0.102387846
Mu,R346K,-0.09311863
Omicron/BA.1,R346K,-0.025695235
Omicron/BA.2,R346K,-0.030257775
Omicron/BA.4+,R346K,-0.085050456
Wild Type,R346K,0.09551779
bivalent,R346K,-0.061083425
bivalent_with_rna,R346K,0.1316672
cocktail,R346K,0.03872394
double_vax,R346K,-0.061857425
inactivated,R346K,0.061604597
inactivated_with_rna,R346K,0.046570096
multiple_rna,R346K,0.023729026
rna,R346K,0.041220818
single_vax,R346K,0.040331848
unknown,R346K,0.06980337
vax_with_bivalent,R346K,0.051256403
vax_with_rna,R346K,0.011344543
Alpha,R346S,0.08992775
Beta,R346S,-0.0122650815
Delta,R346S,-0.04432074
Epsilon,R346S,-0.049733423
Gamma,R346S,0.055189483
Iota,R346S,0.0557859
Lambda,R346S,0.009116622
Mu,R346S,0.022372458
Omicron/BA.1,R346S,-0.14040542
Omicron/BA.2,R346S,-0.05216383
Omicron/BA.4+,R346S,0.035514314
Wild Type,R346S,-0.02445962
bivalent,R346S,-0.012311582
bivalent_with_rna,R346S,0.027858725
cocktail,R346S,0.032213725
double_vax,R346S,-0.043681446
inactivated,R346S,0.02103467
inactivated_with_rna,R346S,-0.02777705
multiple_rna,R346S,-0.046049215
rna,R346S,0.00180039
single_vax,R346S,0.042899042
unknown,R346S,0.027962549
vax_with_bivalent,R346S,-0.022493634
vax_with_rna,R346S,0.009673674
Alpha,R346T,0.1471377
Beta,R346T,0.010035669
Delta,R346T,0.07938722
Epsilon,R346T,-0.0076866862
Gamma,R346T,0.07389406
Iota,R346T,0.06435203
Lambda,R346T,0.02578488
Mu,R346T,0.05357876
Omicron/BA.1,R346T,0.06707253
Omicron/BA.2,R346T,0.05509365
Omicron/BA.4+,R346T,0.03134953
Wild Type,R346T,0.11613006
bivalent,R346T,0.043004703
bivalent_with_rna,R346T,0.114717506
cocktail,R346T,0.11577745
double_vax,R346T,0.11493035
inactivated,R346T,0.09269694
inactivated_with_rna,R346T,0.16357762
multiple_rna,R346T,0.09530718
rna,R346T,0.10595547
single_vax,R346T,0.110795744
unknown,R346T,0.07440614
vax_with_bivalent,R346T,0.06461931
vax_with_rna,R346T,0.12744455
Alpha,R357K,-0.1457104
Beta,R357K,0.053839277
Delta,R357K,-0.06409867
Epsilon,R357K,0.042700805
Gamma,R357K,-0.043839276
Iota,R357K,0.087163925
Lambda,R357K,0.03370472
Mu,R357K,0.04854758
Omicron/BA.1,R357K,0.070672795
Omicron/BA.2,R357K,0.02029829
Omicron/BA.4+,R357K,-0.059301738
Wild Type,R357K,0.11310048
bivalent,R357K,-0.034641594
bivalent_with_rna,R357K,-0.047447804
cocktail,R357K,-0.05263554
double_vax,R357K,-0.11572694
inactivated,R357K,0.039786052
inactivated_with_rna,R357K,-0.00033679605
multiple_rna,R357K,0.00638155
rna,R357K,-0.018116124
single_vax,R357K,0.016150752
unknown,R357K,0.035265893
vax_with_bivalent,R357K,0.02655996
vax_with_rna,R357K,0.017408947
Alpha,R403K,-0.020137262
Beta,R403K,-0.016609354
Delta,R403K,0.0603431
Epsilon,R403K,0.10285874
Gamma,R403K,-0.08221781
Iota,R403K,0.10932567
Lambda,R403K,-0.0955154
Mu,R403K,-0.024450488
Omicron/BA.1,R403K,-0.0027250731
Omicron/BA.2,R403K,0.11253919
Omicron/BA.4+,R403K,-0.08537739
Wild Type,R403K,0.041773982
bivalent,R403K,0.00045470428
bivalent_with_rna,R403K,-0.011908458
cocktail,R403K,0.0697926
double_vax,R403K,-0.058526993
inactivated,R403K,0.032464482
inactivated_with_rna,R403K,-0.06685296
multiple_rna,R403K,0.06130844
rna,R403K,0.016098801
single_vax,R403K,0.032656517
unknown,R403K,-0.19443044
vax_with_bivalent,R403K,0.040644117
vax_with_rna,R403K,0.17198363
Alpha,R408R,0.070445836
Beta,R408R,0.035334986
Delta,R408R,-0.027278706
Epsilon,R408R,0.032838337
Gamma,R408R,0.053718667
Iota,R408R,0.08721964
Lambda,R408R,-0.046032816
Mu,R408R,0.013070134
Omicron/BA.1,R408R,-0.039416894
Omicron/BA.2,R408R,0.003873353
Omicron/BA.4+,R408R,0.07650172
Wild Type,R408R,0.05100537
bivalent,R408R,0.06660302
bivalent_with_rna,R408R,0.024815291
cocktail,R408R,-0.046008468
double_vax,R408R,-0.043333836
inactivated,R408R,0.062381703
inactivated_with_rna,R408R,0.049512364
multiple_rna,R408R,-0.097310655
rna,R408R,-0.100161396
single_vax,R408R,-0.036842108
unknown,R408R,-0.11626514
vax_with_bivalent,R408R,0.00802778
vax_with_rna,R408R,-0.16008987
Alpha,R408S,0.04407858
Beta,R408S,0.012624997
Delta,R408S,0.02636295
Epsilon,R408S,0.010903674
Gamma,R408S,0.008429538
Iota,R408S,-0.025389988
Lambda,R408S,0.03837704
Mu,R408S,0.104458034
Omicron/BA.1,R408S,-0.017035253
Omicron/BA.2,R408S,-0.01229799
Omicron/BA.4+,R408S,0.006331218
Wild Type,R408S,-0.03530828
bivalent,R408S,0.044568244
bivalent_with_rna,R408S,0.029819295
cocktail,R408S,0.016007505
double_vax,R408S,-0.004638235
inactivated,R408S,-0.0100504
inactivated_with_rna,R408S,0.027744895
multiple_rna,R408S,0.032571904
rna,R408S,0.009290511
single_vax,R408S,0.0364853
unknown,R408S,-0.0008163098
vax_with_bivalent,R408S,0.0062301606
vax_with_rna,R408S,0.0057670698
Alpha,R634S,-0.04215802
Beta,R634S,-0.16117598
Delta,R634S,0.024604961
Epsilon,R634S,0.10044707
Gamma,R634S,-0.013157615
Iota,R634S,0.06736912
Lambda,R634S,0.07232711
Mu,R634S,-0.06628049
Omicron/BA.1,R634S,-0.041573808
Omicron/BA.2,R634S,0.11893935
Omicron/BA.4+,R634S,0.020893168
Wild Type,R634S,0.04991728
bivalent,R634S,-0.029431826
bivalent_with_rna,R634S,0.054725368
cocktail,R634S,0.05066366
double_vax,R634S,0.04392415
inactivated,R634S,-0.031206917
inactivated_with_rna,R634S,-0.0054145865
multiple_rna,R634S,0.0339944
rna,R634S,-0.0137189515
single_vax,R634S,-0.039874617
unknown,R634S,0.08649719
vax_with_bivalent,R634S,-0.08762802
vax_with_rna,R634S,0.0112484135
Alpha,R646Q,0.012164475
Beta,R646Q,-0.02662477
Delta,R646Q,0.021331586
Epsilon,R646Q,-0.034086138
Gamma,R646Q,-0.121106826
Iota,R646Q,-0.04739504
Lambda,R646Q,-0.0014722515
Mu,R646Q,0.038258582
Omicron/BA.1,R646Q,-0.07905273
Omicron/BA.2,R646Q,-0.05655356
Omicron/BA.4+,R646Q,0.012817642
Wild Type,R646Q,-0.08039232
bivalent,R646Q,-0.08321854
bivalent_with_rna,R646Q,0.019964201
cocktail,R646Q,-0.090452656
double_vax,R646Q,-0.027881408
inactivated,R646Q,0.0050761765
inactivated_with_rna,R646Q,0.03246382
multiple_rna,R646Q,-0.035880044
rna,R646Q,-0.018161878
single_vax,R646Q,0.007183088
unknown,R646Q,-0.04422082
vax_with_bivalent,R646Q,0.022973437
vax_with_rna,R646Q,-0.06746391
Alpha,R682W,-0.009929723
Beta,R682W,0.03352704
Delta,R682W,-0.016073491
Epsilon,R682W,0.027077917
Gamma,R682W,0.018978707
Iota,R682W,-0.111724384
Lambda,R682W,-0.052973054
Mu,R682W,0.10287672
Omicron/BA.1,R682W,0.026824314
Omicron/BA.2,R682W,-0.054200217
Omicron/BA.4+,R682W,-0.04308716
Wild Type,R682W,0.1372833
bivalent,R682W,-0.13758785
bivalent_with_rna,R682W,0.09216245
cocktail,R682W,-0.060035005
double_vax,R682W,-0.0012726467
inactivated,R682W,-0.039397437
inactivated_with_rna,R682W,0.008487813
multiple_rna,R682W,0.01188132
rna,R682W,0.021914635
single_vax,R682W,0.05448428
unknown,R682W,0.06402596
vax_with_bivalent,R682W,-0.046005577
vax_with_rna,R682W,-0.010471122
Alpha,R685L,-0.05928866
Beta,R685L,0.081192434
Delta,R685L,-0.024147678
Epsilon,R685L,0.07229217
Gamma,R685L,0.03406533
Iota,R685L,0.023667414
Lambda,R685L,-0.057395898
Mu,R685L,-0.008331068
Omicron/BA.1,R685L,0.03327659
Omicron/BA.2,R685L,0.07105938
Omicron/BA.4+,R685L,0.045512468
Wild Type,R685L,-0.021650074
bivalent,R685L,0.09404484
bivalent_with_rna,R685L,0.04853435
cocktail,R685L,0.04203438
double_vax,R685L,0.075045705
inactivated,R685L,0.01984585
inactivated_with_rna,R685L,0.053367615
multiple_rna,R685L,-0.07745094
rna,R685L,0.0590536
single_vax,R685L,0.064335294
unknown,R685L,0.057867453
vax_with_bivalent,R685L,-0.0076511
vax_with_rna,R685L,-0.029117603
Alpha,R685R,-0.030538995
Beta,R685R,0.005498986
Delta,R685R,0.0048598554
Epsilon,R685R,0.08164739
Gamma,R685R,0.012999005
Iota,R685R,-0.0076501323
Lambda,R685R,0.11899366
Mu,R685R,0.03265924
Omicron/BA.1,R685R,0.0020683226
Omicron/BA.2,R685R,-0.04842348
Omicron/BA.4+,R685R,0.040587284
Wild Type,R685R,0.05199336
bivalent,R685R,-0.06640572
bivalent_with_rna,R685R,0.08015636
cocktail,R685R,-0.030638374
double_vax,R685R,0.06989517
inactivated,R685R,0.051842213
inactivated_with_rna,R685R,-0.053783584
multiple_rna,R685R,-0.04108222
rna,R685R,0.114372306
single_vax,R685R,0.015934024
unknown,R685R,0.034249075
vax_with_bivalent,R685R,0.11266517
vax_with_rna,R685R,-0.008873317
Alpha,R78K,0.051716987
Beta,R78K,0.0008493215
Delta,R78K,0.07999125
Epsilon,R78K,-0.01782828
Gamma,R78K,-0.0066986904
Iota,R78K,0.070340104
Lambda,R78K,0.019608142
Mu,R78K,0.06520462
Omicron/BA.1,R78K,0.0008358089
Omicron/BA.2,R78K,-0.06903071
Omicron/BA.4+,R78K,0.013736779
Wild Type,R78K,0.042576235
bivalent,R78K,0.021451445
bivalent_with_rna,R78K,0.0074075647
cocktail,R78K,-0.101079196
double_vax,R78K,-0.1242435
inactivated,R78K,0.0074714925
inactivated_with_rna,R78K,0.047545984
multiple_rna,R78K,0.023847386
rna,R78K,0.0143243885
single_vax,R78K,-0.027156273
unknown,R78K,0.081572466
vax_with_bivalent,R78K,-0.009873885
vax_with_rna,R78K,0.059676748
Alpha,S1003I,-0.09231482
Beta,S1003I,-0.04778175
Delta,S1003I,0.09878686
Epsilon,S1003I,0.03143931
Gamma,S1003I,0.027349548
Iota,S1003I,-0.026647173
Lambda,S1003I,-0.057576016
Mu,S1003I,-0.022852328
Omicron/BA.1,S1003I,0.06373573
Omicron/BA.2,S1003I,-0.027027277
Omicron/BA.4+,S1003I,0.022695903
Wild Type,S1003I,-0.011222574
bivalent,S1003I,-0.04179007
bivalent_with_rna,S1003I,0.08686313
cocktail,S1003I,0.021494448
double_vax,S1003I,0.031501677
inactivated,S1003I,-0.008495108
inactivated_with_rna,S1003I,0.028413825
multiple_rna,S1003I,-0.047276065
rna,S1003I,-0.0073788883
single_vax,S1003I,0.018419392
unknown,S1003I,0.18583286
vax_with_bivalent,S1003I,0.026590858
vax_with_rna,S1003I,-0.06731878
Alpha,S1055A,0.00013551861
Beta,S1055A,-0.028639201
Delta,S1055A,0.015315585
Epsilon,S1055A,0.0031938879
Gamma,S1055A,0.005906604
Iota,S1055A,-0.055900842
Lambda,S1055A,0.0958668
Mu,S1055A,0.07218533
Omicron/BA.1,S1055A,-0.00474792
Omicron/BA.2,S1055A,-0.018520031
Omicron/BA.4+,S1055A,0.026790675
Wild Type,S1055A,-0.028122775
bivalent,S1055A,-0.001145374
bivalent_with_rna,S1055A,-0.041233346
cocktail,S1055A,-0.06453717
double_vax,S1055A,-0.023085892
inactivated,S1055A,0.02911143
inactivated_with_rna,S1055A,0.008421243
multiple_rna,S1055A,0.0060150083
rna,S1055A,-0.021081049
single_vax,S1055A,0.018802091
unknown,S1055A,-0.0012319437
vax_with_bivalent,S1055A,-0.041754488
vax_with_rna,S1055A,-0.06376752
Alpha,S1097F,0.021024922
Beta,S1097F,0.0040297247
Delta,S1097F,-0.0009365496
Epsilon,S1097F,0.07803218
Gamma,S1097F,-0.0011290843
Iota,S1097F,0.07222189
Lambda,S1097F,-0.040259365
Mu,S1097F,-0.043469306
Omicron/BA.1,S1097F,0.050915994
Omicron/BA.2,S1097F,-0.05002385
Omicron/BA.4+,S1097F,-0.045214303
Wild Type,S1097F,0.039443955
bivalent,S1097F,-0.07739782
bivalent_with_rna,S1097F,0.028360637
cocktail,S1097F,-0.104548395
double_vax,S1097F,0.03873353
inactivated,S1097F,0.03238428
inactivated_with_rna,S1097F,0.1517088
multiple_rna,S1097F,-0.009457538
rna,S1097F,-0.030033223
single_vax,S1097F,-0.007252522
unknown,S1097F,-0.034769267
vax_with_bivalent,S1097F,-0.017457528
vax_with_rna,S1097F,0.08924429
Alpha,S112A,0.027427504
Beta,S112A,0.04792528
Delta,S112A,0.0008314657
Epsilon,S112A,0.0014209845
Gamma,S112A,-0.12635021
Iota,S112A,-0.011698427
Lambda,S112A,-0.004519837
Mu,S112A,0.033906166
Omicron/BA.1,S112A,-0.0070183673
Omicron/BA.2,S112A,0.07499555
Omicron/BA.4+,S112A,-0.10218311
Wild Type,S112A,0.035698224
bivalent,S112A,-0.024003258
bivalent_with_rna,S112A,0.037201084
cocktail,S112A,-0.080261216
double_vax,S112A,0.06368075
inactivated,S112A,0.0026749
inactivated_with_rna,S112A,0.029776433
multiple_rna,S112A,-0.074230276
rna,S112A,-0.037629675
single_vax,S112A,-0.023261208
unknown,S112A,0.049025748
vax_with_bivalent,S112A,0.05936183
vax_with_rna,S112A,-0.0030160286
Alpha,S112N,-0.015123941
Beta,S112N,0.039244182
Delta,S112N,0.032705624
Epsilon,S112N,0.15491349
Gamma,S112N,0.026476804
Iota,S112N,-0.058777023
Lambda,S112N,-0.019198269
Mu,S112N,0.036313742
Omicron/BA.1,S112N,0.08181179
Omicron/BA.2,S112N,0.10628375
Omicron/BA.4+,S112N,-0.044591602
Wild Type,S112N,0.030125778
bivalent,S112N,-0.07646378
bivalent_with_rna,S112N,-0.02853867
cocktail,S112N,-0.08571579
double_vax,S112N,-0.052894413
inactivated,S112N,0.06133291
inactivated_with_rna,S112N,0.047603358
multiple_rna,S112N,0.0039692917
rna,S112N,-0.039854117
single_vax,S112N,-0.013228542
unknown,S112N,0.018037528
vax_with_bivalent,S112N,-0.007740896
vax_with_rna,S112N,0.007944677
Alpha,S1147L,-0.066972926
Beta,S1147L,-0.18663698
Delta,S1147L,-0.006835501
Epsilon,S1147L,0.060352005
Gamma,S1147L,-0.0019993838
Iota,S1147L,0.011237903
Lambda,S1147L,0.10694502
Mu,S1147L,0.03499462
Omicron/BA.1,S1147L,0.046709936
Omicron/BA.2,S1147L,0.02231267
Omicron/BA.4+,S1147L,-0.08033422
Wild Type,S1147L,0.017099082
bivalent,S1147L,0.0090800235
bivalent_with_rna,S1147L,0.10818449
cocktail,S1147L,-0.033959113
double_vax,S1147L,-0.016507877
inactivated,S1147L,0.038768973
inactivated_with_rna,S1147L,0.10577477
multiple_rna,S1147L,-0.000117495656
rna,S1147L,-0.013015726
single_vax,S1147L,-0.024093201
unknown,S1147L,0.014210427
vax_with_bivalent,S1147L,-0.056194007
vax_with_rna,S1147L,0.06355754
Alpha,S12ins,-0.003021947
Beta,S12ins,-0.029094942
Delta,S12ins,-0.019457463
Epsilon,S12ins,-0.12829496
Gamma,S12ins,-0.032903083
Iota,S12ins,-0.024607085
Lambda,S12ins,-0.06078206
Mu,S12ins,-0.028274275
Omicron/BA.1,S12ins,-0.04943799
Omicron/BA.2,S12ins,0.0530164
Omicron/BA.4+,S12ins,-0.013700029
Wild Type,S12ins,-0.022990255
bivalent,S12ins,-0.1440399
bivalent_with_rna,S12ins,-0.06490141
cocktail,S12ins,-0.04563015
double_vax,S12ins,-0.0139133185
inactivated,S12ins,0.089660324
inactivated_with_rna,S12ins,0.07562563
multiple_rna,S12ins,0.011679417
rna,S12ins,-0.04908513
single_vax,S12ins,-0.014142847
unknown,S12ins,0.09282557
vax_with_bivalent,S12ins,0.11894554
vax_with_rna,S12ins,0.11735948
Alpha,S13I,0.17819105
Beta,S13I,-0.02398554
Delta,S13I,0.010464825
Epsilon,S13I,-0.0023939284
Gamma,S13I,-0.031750508
Iota,S13I,0.026138727
Lambda,S13I,0.011552796
Mu,S13I,-0.016701372
Omicron/BA.1,S13I,-0.03546834
Omicron/BA.2,S13I,0.019202508
Omicron/BA.4+,S13I,0.052772872
Wild Type,S13I,0.011280976
bivalent,S13I,-0.034523867
bivalent_with_rna,S13I,-0.04614696
cocktail,S13I,0.016892662
double_vax,S13I,0.13481466
inactivated,S13I,0.0334115
inactivated_with_rna,S13I,-0.027297951
multiple_rna,S13I,-0.08694533
rna,S13I,-0.01434323
single_vax,S13I,0.11519992
unknown,S13I,-0.11344889
vax_with_bivalent,S13I,-0.07816273
vax_with_rna,S13I,-0.08233568
Alpha,S13Y,0.033346757
Beta,S13Y,-0.0044972384
Delta,S13Y,0.060063314
Epsilon,S13Y,0.021492843
Gamma,S13Y,-0.06703311
Iota,S13Y,-0.060642637
Lambda,S13Y,-0.004377717
Mu,S13Y,-0.02127539
Omicron/BA.1,S13Y,-0.08003778
Omicron/BA.2,S13Y,0.005907927
Omicron/BA.4+,S13Y,0.004332695
Wild Type,S13Y,-0.05435504
bivalent,S13Y,0.07548804
bivalent_with_rna,S13Y,0.02965405
cocktail,S13Y,0.047815163
double_vax,S13Y,-0.005377231
inactivated,S13Y,0.08589009
inactivated_with_rna,S13Y,0.08903374
multiple_rna,S13Y,-0.041782454
rna,S13Y,-0.046178
single_vax,S13Y,0.044464204
unknown,S13Y,0.04310064
vax_with_bivalent,S13Y,-0.07118215
vax_with_rna,S13Y,0.020301482
Alpha,S151T,-0.07703318
Beta,S151T,-0.08362799
Delta,S151T,-0.030816032
Epsilon,S151T,0.10420514
Gamma,S151T,0.09378083
Iota,S151T,-0.037517574
Lambda,S151T,0.041160464
Mu,S151T,0.042770278
Omicron/BA.1,S151T,0.06155276
Omicron/BA.2,S151T,-0.04138059
Omicron/BA.4+,S151T,-0.040014375
Wild Type,S151T,0.060574405
bivalent,S151T,0.15572333
bivalent_with_rna,S151T,-0.002415616
cocktail,S151T,0.050686143
double_vax,S151T,0.09303772
inactivated,S151T,-0.010121251
inactivated_with_rna,S151T,0.00065595953
multiple_rna,S151T,-0.027777333
rna,S151T,0.02742415
single_vax,S151T,0.01263653
unknown,S151T,-0.06920266
vax_with_bivalent,S151T,-0.08237062
vax_with_rna,S151T,0.0005805185
Alpha,S155I,-0.033311095
Beta,S155I,-0.07872835
Delta,S155I,-0.17981699
Epsilon,S155I,-0.060034886
Gamma,S155I,0.12555838
Iota,S155I,-0.08710438
Lambda,S155I,0.0014794162
Mu,S155I,-0.12567408
Omicron/BA.1,S155I,0.02594176
Omicron/BA.2,S155I,0.058080517
Omicron/BA.4+,S155I,0.06810101
Wild Type,S155I,-0.0650921
bivalent,S155I,0.13926834
bivalent_with_rna,S155I,-0.04615182
cocktail,S155I,-0.049784854
double_vax,S155I,0.008192064
inactivated,S155I,0.012312467
inactivated_with_rna,S155I,-0.00040706713
multiple_rna,S155I,-0.06203408
rna,S155I,-0.047770396
single_vax,S155I,-0.069602355
unknown,S155I,-0.037282743
vax_with_bivalent,S155I,-0.03513612
vax_with_rna,S155I,0.09502532
Alpha,S155N,0.023615986
Beta,S155N,0.024638416
Delta,S155N,0.06006125
Epsilon,S155N,-0.088246025
Gamma,S155N,-0.025662819
Iota,S155N,0.0036579676
Lambda,S155N,-0.022280775
Mu,S155N,-0.0065375813
Omicron/BA.1,S155N,0.017267618
Omicron/BA.2,S155N,0.057087384
Omicron/BA.4+,S155N,-0.050912328
Wild Type,S155N,0.008960612
bivalent,S155N,-0.036534846
bivalent_with_rna,S155N,0.0031110672
cocktail,S155N,0.09392897
double_vax,S155N,0.10239838
inactivated,S155N,0.06960539
inactivated_with_rna,S155N,0.0038477464
multiple_rna,S155N,0.0657522
rna,S155N,-0.09490138
single_vax,S155N,0.03459777
unknown,S155N,0.048475154
vax_with_bivalent,S155N,-0.07078403
vax_with_rna,S155N,-0.10849346
Alpha,S155R,0.022531372
Beta,S155R,0.04504481
Delta,S155R,0.054077156
Epsilon,S155R,-0.029086404
Gamma,S155R,0.04556336
Iota,S155R,0.0368285
Lambda,S155R,-0.013282452
Mu,S155R,-0.0088088345
Omicron/BA.1,S155R,-0.014693209
Omicron/BA.2,S155R,0.16093667
Omicron/BA.4+,S155R,-0.019985054
Wild Type,S155R,-0.1420469
bivalent,S155R,-0.00048587343
bivalent_with_rna,S155R,0.07407752
cocktail,S155R,-0.007022829
double_vax,S155R,0.03073829
inactivated,S155R,0.024023468
inactivated_with_rna,S155R,0.009171462
multiple_rna,S155R,-0.042455148
rna,S155R,-0.026683677
single_vax,S155R,-0.049335547
unknown,S155R,-0.0063296515
vax_with_bivalent,S155R,0.011004547
vax_with_rna,S155R,-0.05767897
Alpha,S155T,-0.013257265
Beta,S155T,0.03457089
Delta,S155T,-0.13726267
Epsilon,S155T,0.023450283
Gamma,S155T,-0.088492125
Iota,S155T,-0.027356567
Lambda,S155T,0.103804186
Mu,S155T,-0.12025905
Omicron/BA.1,S155T,0.03616336
Omicron/BA.2,S155T,0.012940023
Omicron/BA.4+,S155T,0.0026306892
Wild Type,S155T,-0.045818776
bivalent,S155T,0.011308413
bivalent_with_rna,S155T,0.0011033276
cocktail,S155T,-0.0040713493
double_vax,S155T,0.011729315
inactivated,S155T,-0.010508479
inactivated_with_rna,S155T,-0.028854325
multiple_rna,S155T,0.044718407
rna,S155T,-0.028786818
single_vax,S155T,0.00760819
unknown,S155T,0.040071547
vax_with_bivalent,S155T,0.01683366
vax_with_rna,S155T,0.0058512064
Alpha,S161D,0.10964433
Beta,S161D,0.08518324
Delta,S161D,0.059902668
Epsilon,S161D,0.052899156
Gamma,S161D,-0.072450414
Iota,S161D,0.081960775
Lambda,S161D,0.017545722
Mu,S161D,-0.0874552
Omicron/BA.1,S161D,-0.09971675
Omicron/BA.2,S161D,-0.072234474
Omicron/BA.4+,S161D,-0.022023883
Wild Type,S161D,-0.12770382
bivalent,S161D,0.013733883
bivalent_with_rna,S161D,-0.0048599206
cocktail,S161D,0.00458251
double_vax,S161D,0.022968296
inactivated,S161D,0.010243056
inactivated_with_rna,S161D,0.009060253
multiple_rna,S161D,-0.057818078
rna,S161D,-0.029411845
single_vax,S161D,0.008346917
unknown,S161D,0.011576667
vax_with_bivalent,S161D,-0.0016875933
vax_with_rna,S161D,0.06681942
Alpha,S161N,-0.0925491
Beta,S161N,-0.04621676
Delta,S161N,0.10818033
Epsilon,S161N,-0.031307213
Gamma,S161N,-0.1073652
Iota,S161N,-0.05786384
Lambda,S161N,0.019787813
Mu,S161N,-0.04884685
Omicron/BA.1,S161N,-0.050815687
Omicron/BA.2,S161N,-0.03366281
Omicron/BA.4+,S161N,-0.001168292
Wild Type,S161N,0.047890328
bivalent,S161N,-0.09834023
bivalent_with_rna,S161N,-0.053159162
cocktail,S161N,-0.03631112
double_vax,S161N,-0.019574212
inactivated,S161N,-0.02124881
inactivated_with_rna,S161N,0.07283334
multiple_rna,S161N,-0.03855591
rna,S161N,-0.0534485
single_vax,S161N,0.037199832
unknown,S161N,0.0045428257
vax_with_bivalent,S161N,-0.04054075
vax_with_rna,S161N,-0.014411544
Alpha,S162N,-0.038831234
Beta,S162N,0.014681245
Delta,S162N,0.07312596
Epsilon,S162N,-0.057348054
Gamma,S162N,0.14891614
Iota,S162N,-0.007034497
Lambda,S162N,0.06170358
Mu,S162N,0.01280652
Omicron/BA.1,S162N,0.14599591
Omicron/BA.2,S162N,0.02928795
Omicron/BA.4+,S162N,0.031013258
Wild Type,S162N,0.07260005
bivalent,S162N,-0.036387637
bivalent_with_rna,S162N,-0.031103468
cocktail,S162N,0.06646551
double_vax,S162N,-0.028992165
inactivated,S162N,0.080600716
inactivated_with_rna,S162N,0.008925444
multiple_rna,S162N,-0.08798789
rna,S162N,-0.047138486
single_vax,S162N,-0.006462683
unknown,S162N,-0.030777019
vax_with_bivalent,S162N,0.073023714
vax_with_rna,S162N,0.052908532
Alpha,S205K,-0.08267359
Beta,S205K,0.016683124
Delta,S205K,0.017027676
Epsilon,S205K,-0.03185449
Gamma,S205K,-0.031577732
Iota,S205K,0.061256565
Lambda,S205K,0.022389725
Mu,S205K,-0.153393
Omicron/BA.1,S205K,-0.024607766
Omicron/BA.2,S205K,-0.14281318
Omicron/BA.4+,S205K,-0.015787622
Wild Type,S205K,0.020051003
bivalent,S205K,0.05369462
bivalent_with_rna,S205K,-0.05832191
cocktail,S205K,-0.018309947
double_vax,S205K,0.10436396
inactivated,S205K,0.004874205
inactivated_with_rna,S205K,-0.08734722
multiple_rna,S205K,0.0071574496
rna,S205K,-0.037273884
single_vax,S205K,-0.0028696284
unknown,S205K,-0.004421776
vax_with_bivalent,S205K,-0.052868612
vax_with_rna,S205K,-0.05549357
Alpha,S221A,0.024077572
Beta,S221A,0.05082254
Delta,S221A,0.05717335
Epsilon,S221A,0.004505311
Gamma,S221A,-0.015679063
Iota,S221A,-0.024172496
Lambda,S221A,0.03097152
Mu,S221A,-0.0100406585
Omicron/BA.1,S221A,0.044693574
Omicron/BA.2,S221A,0.0039786715
Omicron/BA.4+,S221A,-0.065802746
Wild Type,S221A,-0.033549298
bivalent,S221A,0.09468094
bivalent_with_rna,S221A,0.028579716
cocktail,S221A,0.020208383
double_vax,S221A,0.077408575
inactivated,S221A,-0.047610626
inactivated_with_rna,S221A,0.07759235
multiple_rna,S221A,0.115402736
rna,S221A,-0.002096707
single_vax,S221A,-0.06944988
unknown,S221A,-0.017944027
vax_with_bivalent,S221A,0.06444052
vax_with_rna,S221A,0.0029716934
Alpha,S221N,-0.007423303
Beta,S221N,0.010669027
Delta,S221N,0.046724085
Epsilon,S221N,0.13268666
Gamma,S221N,-0.047988802
Iota,S221N,-0.03897713
Lambda,S221N,0.055767074
Mu,S221N,-0.04298015
Omicron/BA.1,S221N,-0.080584936
Omicron/BA.2,S221N,-0.05817721
Omicron/BA.4+,S221N,-0.058195904
Wild Type,S221N,-0.006075791
bivalent,S221N,0.029366374
bivalent_with_rna,S221N,0.079647645
cocktail,S221N,-0.10697578
double_vax,S221N,-0.059846547
inactivated,S221N,0.057514455
inactivated_with_rna,S221N,0.065546006
multiple_rna,S221N,0.04314421
rna,S221N,-0.029668448
single_vax,S221N,0.045651678
unknown,S221N,-0.0036379094
vax_with_bivalent,S221N,0.04553868
vax_with_rna,S221N,-0.052398432
Alpha,S247G,-0.09186426
Beta,S247G,-0.10878396
Delta,S247G,0.04177691
Epsilon,S247G,-0.00766812
Gamma,S247G,0.024640601
Iota,S247G,-0.026577268
Lambda,S247G,-0.036757804
Mu,S247G,0.03309639
Omicron/BA.1,S247G,0.059925973
Omicron/BA.2,S247G,0.009521062
Omicron/BA.4+,S247G,0.061470576
Wild Type,S247G,-0.12953906
bivalent,S247G,0.0005769215
bivalent_with_rna,S247G,0.03847803
cocktail,S247G,-0.011984248
double_vax,S247G,-0.06050209
inactivated,S247G,-0.020108089
inactivated_with_rna,S247G,-0.00811499
multiple_rna,S247G,0.043517597
rna,S247G,-0.07429868
single_vax,S247G,0.018030223
unknown,S247G,-0.045773882
vax_with_bivalent,S247G,0.021980543
vax_with_rna,S247G,0.06279552
Alpha,S247N,0.023652447
Beta,S247N,-0.12275981
Delta,S247N,0.1219288
Epsilon,S247N,-0.053149737
Gamma,S247N,0.017631147
Iota,S247N,0.0025543943
Lambda,S247N,0.033725966
Mu,S247N,0.09824659
Omicron/BA.1,S247N,0.048230372
Omicron/BA.2,S247N,0.06524181
Omicron/BA.4+,S247N,0.08308181
Wild Type,S247N,-0.060114548
bivalent,S247N,-0.06962134
bivalent_with_rna,S247N,-0.0352742
cocktail,S247N,-0.008067513
double_vax,S247N,0.1405568
inactivated,S247N,-0.030203536
inactivated_with_rna,S247N,-0.06478408
multiple_rna,S247N,0.09144772
rna,S247N,0.012419481
single_vax,S247N,-0.08404156
unknown,S247N,0.0098469425
vax_with_bivalent,S247N,0.010737209
vax_with_rna,S247N,-0.005079722
Alpha,S254L,0.06180376
Beta,S254L,-0.035035774
Delta,S254L,-0.027295921
Epsilon,S254L,-0.12796962
Gamma,S254L,0.0025820283
Iota,S254L,0.013663902
Lambda,S254L,0.004674863
Mu,S254L,0.052429013
Omicron/BA.1,S254L,-0.027187701
Omicron/BA.2,S254L,-0.00985428
Omicron/BA.4+,S254L,0.046170853
Wild Type,S254L,0.020563759
bivalent,S254L,0.02488395
bivalent_with_rna,S254L,-0.017769199
cocktail,S254L,-0.11067772
double_vax,S254L,-0.03499777
inactivated,S254L,-0.027575597
inactivated_with_rna,S254L,-0.0021705627
multiple_rna,S254L,0.050233778
rna,S254L,0.12522952
single_vax,S254L,0.09024041
unknown,S254L,-0.049481675
vax_with_bivalent,S254L,-0.0018590381
vax_with_rna,S254L,-0.08606556
Alpha,S255E,0.0741044
Beta,S255E,0.05238713
Delta,S255E,0.027364647
Epsilon,S255E,-0.010527736
Gamma,S255E,0.014541448
Iota,S255E,0.067928396
Lambda,S255E,0.07396046
Mu,S255E,-0.06330386
Omicron/BA.1,S255E,0.054360487
Omicron/BA.2,S255E,-0.025671009
Omicron/BA.4+,S255E,-0.06307519
Wild Type,S255E,0.011715235
bivalent,S255E,0.07288472
bivalent_with_rna,S255E,0.039106768
cocktail,S255E,0.012212975
double_vax,S255E,-0.009616643
inactivated,S255E,-0.04984219
inactivated_with_rna,S255E,0.03228408
multiple_rna,S255E,0.0110416245
rna,S255E,-0.07783994
single_vax,S255E,-0.1952026
unknown,S255E,0.026562616
vax_with_bivalent,S255E,0.036139697
vax_with_rna,S255E,-0.0015694196
Alpha,S256N,-0.03226513
Beta,S256N,-0.02172733
Delta,S256N,-0.059477158
Epsilon,S256N,0.035169028
Gamma,S256N,0.0771164
Iota,S256N,0.04633014
Lambda,S256N,-0.03805033
Mu,S256N,0.004796314
Omicron/BA.1,S256N,-0.038608395
Omicron/BA.2,S256N,0.02662253
Omicron/BA.4+,S256N,-0.030619647
Wild Type,S256N,0.045416225
bivalent,S256N,-0.059231456
bivalent_with_rna,S256N,0.030341145
cocktail,S256N,0.036331095
double_vax,S256N,-0.079439685
inactivated,S256N,0.07248874
inactivated_with_rna,S256N,-0.018464748
multiple_rna,S256N,-0.00094334036
rna,S256N,0.030270644
single_vax,S256N,-0.031000383
unknown,S256N,-0.10530608
vax_with_bivalent,S256N,-0.019602837
vax_with_rna,S256N,-0.0009928963
Alpha,S297A,0.047886003
Beta,S297A,-0.039926447
Delta,S297A,-0.041026182
Epsilon,S297A,-0.028553316
Gamma,S297A,0.02491054
Iota,S297A,-0.016836744
Lambda,S297A,0.044832762
Mu,S297A,0.02704048
Omicron/BA.1,S297A,0.068189204
Omicron/BA.2,S297A,-0.10139479
Omicron/BA.4+,S297A,0.05890791
Wild Type,S297A,-0.04797346
bivalent,S297A,0.012422504
bivalent_with_rna,S297A,0.031409822
cocktail,S297A,-0.08377299
double_vax,S297A,0.0770558
inactivated,S297A,0.029772539
inactivated_with_rna,S297A,-0.01607829
multiple_rna,S297A,0.090486445
rna,S297A,-0.029111419
single_vax,S297A,0.013352102
unknown,S297A,-0.0063387416
vax_with_bivalent,S297A,0.008260533
vax_with_rna,S297A,0.056230806
Alpha,S325D,-0.012039818
Beta,S325D,-0.09187771
Delta,S325D,0.03210316
Epsilon,S325D,-0.0005411771
Gamma,S325D,0.036932755
Iota,S325D,-0.16191493
Lambda,S325D,0.035309087
Mu,S325D,-0.01010135
Omicron/BA.1,S325D,0.0747551
Omicron/BA.2,S325D,-0.0904256
Omicron/BA.4+,S325D,0.019874241
Wild Type,S325D,-0.028875612
bivalent,S325D,0.058538474
bivalent_with_rna,S325D,-0.042111807
cocktail,S325D,-0.14029375
double_vax,S325D,-0.049496397
inactivated,S325D,-0.02947199
inactivated_with_rna,S325D,0.074564755
multiple_rna,S325D,0.061597615
rna,S325D,0.005330305
single_vax,S325D,-0.009028881
unknown,S325D,-0.05623313
vax_with_bivalent,S325D,0.0023789725
vax_with_rna,S325D,0.017475016
Alpha,S325E,0.018041078
Beta,S325E,0.051165793
Delta,S325E,0.01100964
Epsilon,S325E,0.039918408
Gamma,S325E,0.014113414
Iota,S325E,-0.001343891
Lambda,S325E,-0.11298184
Mu,S325E,-0.06797199
Omicron/BA.1,S325E,-0.079870984
Omicron/BA.2,S325E,0.021017503
Omicron/BA.4+,S325E,-0.009932704
Wild Type,S325E,0.011552658
bivalent,S325E,0.020892926
bivalent_with_rna,S325E,-0.020545563
cocktail,S325E,-0.028648362
double_vax,S325E,-0.011157187
inactivated,S325E,-0.024984011
inactivated_with_rna,S325E,-0.017997812
multiple_rna,S325E,0.03485287
rna,S325E,-0.06936365
single_vax,S325E,0.14225155
unknown,S325E,-0.004288424
vax_with_bivalent,S325E,0.002288323
vax_with_rna,S325E,0.028753582
Alpha,S371F,-0.02672719
Beta,S371F,0.025026485
Delta,S371F,0.007617119
Epsilon,S371F,0.0047251675
Gamma,S371F,0.013966648
Iota,S371F,0.042878233
Lambda,S371F,0.0896549
Mu,S371F,0.056717407
Omicron/BA.1,S371F,-0.035226014
Omicron/BA.2,S371F,0.020596657
Omicron/BA.4+,S371F,0.036921583
Wild Type,S371F,0.028140156
bivalent,S371F,0.02882583
bivalent_with_rna,S371F,0.038617242
cocktail,S371F,7.561408e-05
double_vax,S371F,0.0346622
inactivated,S371F,0.021385131
inactivated_with_rna,S371F,0.04738401
multiple_rna,S371F,0.02778183
rna,S371F,0.04640577
single_vax,S371F,0.046598684
unknown,S371F,0.037102968
vax_with_bivalent,S371F,0.047714647
vax_with_rna,S371F,0.04219067
Alpha,S371L,-0.08307396
Beta,S371L,0.045989417
Delta,S371L,0.0038081403
Epsilon,S371L,-0.06926342
Gamma,S371L,0.06301333
Iota,S371L,-0.086218864
Lambda,S371L,-0.051672705
Mu,S371L,-0.046213284
Omicron/BA.1,S371L,-0.06772597
Omicron/BA.2,S371L,-0.0024248764
Omicron/BA.4+,S371L,0.021120494
Wild Type,S371L,0.016415097
bivalent,S371L,-0.012127306
bivalent_with_rna,S371L,-0.058116727
cocktail,S371L,0.06410258
double_vax,S371L,-0.011360974
inactivated,S371L,-0.02466991
inactivated_with_rna,S371L,-0.0341336
multiple_rna,S371L,0.007823553
rna,S371L,-0.041626196
single_vax,S371L,-0.021214876
unknown,S371L,0.013968837
vax_with_bivalent,S371L,0.026104374
vax_with_rna,S371L,0.0026772171
Alpha,S371S,0.18241364
Beta,S371S,0.017576866
Delta,S371S,0.044987135
Epsilon,S371S,0.014199955
Gamma,S371S,-0.071207516
Iota,S371S,0.09948843
Lambda,S371S,0.008280569
Mu,S371S,0.12970161
Omicron/BA.1,S371S,0.118318185
Omicron/BA.2,S371S,-0.07784584
Omicron/BA.4+,S371S,0.0031936858
Wild Type,S371S,-0.0054670516
bivalent,S371S,-0.0022580111
bivalent_with_rna,S371S,0.12520689
cocktail,S371S,0.0020400006
double_vax,S371S,-0.04734292
inactivated,S371S,0.009312063
inactivated_with_rna,S371S,-0.087636046
multiple_rna,S371S,-0.06400037
rna,S371S,0.023864973
single_vax,S371S,0.076983966
unknown,S371S,0.035069156
vax_with_bivalent,S371S,-0.08220144
vax_with_rna,S371S,0.11251978
Alpha,S373F,0.021107193
Beta,S373F,-0.03691917
Delta,S373F,-0.016691571
Epsilon,S373F,-0.02628629
Gamma,S373F,-0.07400298
Iota,S373F,-0.08771662
Lambda,S373F,0.050202228
Mu,S373F,-0.065326646
Omicron/BA.1,S373F,-0.03981474
Omicron/BA.2,S373F,0.00038705952
Omicron/BA.4+,S373F,-0.0045752637
Wild Type,S373F,0.04335309
bivalent,S373F,-0.02603692
bivalent_with_rna,S373F,0.00957577
cocktail,S373F,-0.017414762
double_vax,S373F,0.0127261095
inactivated,S373F,0.064302385
inactivated_with_rna,S373F,0.1477376
multiple_rna,S373F,0.009795718
rna,S373F,-0.029988049
single_vax,S373F,0.022427347
unknown,S373F,0.031255886
vax_with_bivalent,S373F,0.053413033
vax_with_rna,S373F,-0.03942782
Alpha,S373P,0.045693874
Beta,S373P,-0.031129133
Delta,S373P,0.01807657
Epsilon,S373P,0.033178333
Gamma,S373P,-0.016819978
Iota,S373P,0.00525014
Lambda,S373P,-0.013287983
Mu,S373P,0.0076307016
Omicron/BA.1,S373P,-0.025024315
Omicron/BA.2,S373P,-0.07613863
Omicron/BA.4+,S373P,0.0025856541
Wild Type,S373P,-0.013116139
bivalent,S373P,0.013297659
bivalent_with_rna,S373P,0.0061556706
cocktail,S373P,0.02294883
double_vax,S373P,-0.0074855606
inactivated,S373P,-0.0033542882
inactivated_with_rna,S373P,0.068745196
multiple_rna,S373P,-0.0003091367
rna,S373P,0.012921305
single_vax,S373P,0.016811712
unknown,S373P,0.0012363228
vax_with_bivalent,S373P,0.0033038985
vax_with_rna,S373P,0.054384407
Alpha,S373S,-0.0006258264
Beta,S373S,0.04704226
Delta,S373S,-0.04762602
Epsilon,S373S,-0.032482065
Gamma,S373S,-0.048502576
Iota,S373S,-0.13031286
Lambda,S373S,0.07954438
Mu,S373S,0.04193193
Omicron/BA.1,S373S,0.047524955
Omicron/BA.2,S373S,0.0017916346
Omicron/BA.4+,S373S,-0.037312616
Wild Type,S373S,-0.011587443
bivalent,S373S,0.06769657
bivalent_with_rna,S373S,0.05305038
cocktail,S373S,-0.03813903
double_vax,S373S,-0.1053137
inactivated,S373S,0.038209185
inactivated_with_rna,S373S,-0.055021193
multiple_rna,S373S,-0.020804707
rna,S373S,0.13480394
single_vax,S373S,-0.04039097
unknown,S373S,0.09088674
vax_with_bivalent,S373S,-0.026313122
vax_with_rna,S373S,0.062044587
Alpha,S375F,0.06752895
Beta,S375F,0.013772021
Delta,S375F,0.039948225
Epsilon,S375F,-0.05381817
Gamma,S375F,-0.001580548
Iota,S375F,0.060445737
Lambda,S375F,0.032197073
Mu,S375F,0.06741329
Omicron/BA.1,S375F,-0.028709384
Omicron/BA.2,S375F,-0.10129005
Omicron/BA.4+,S375F,-0.010962013
Wild Type,S375F,-0.009652693
bivalent,S375F,0.0240388
bivalent_with_rna,S375F,0.011394714
cocktail,S375F,-0.011243631
double_vax,S375F,-0.017598841
inactivated,S375F,0.019022344
inactivated_with_rna,S375F,-0.012183754
multiple_rna,S375F,-0.006516489
rna,S375F,0.008026261
single_vax,S375F,0.016779121
unknown,S375F,0.01722299
vax_with_bivalent,S375F,-0.01582183
vax_with_rna,S375F,0.043459363
Alpha,S375S,-0.088593885
Beta,S375S,0.02531096
Delta,S375S,-0.028935613
Epsilon,S375S,-0.050738666
Gamma,S375S,-0.087733746
Iota,S375S,-0.03407586
Lambda,S375S,0.058379054
Mu,S375S,0.1092165
Omicron/BA.1,S375S,-0.005234203
Omicron/BA.2,S375S,-0.014302173
Omicron/BA.4+,S375S,-0.055908263
Wild Type,S375S,0.06610041
bivalent,S375S,0.090085775
bivalent_with_rna,S375S,-0.009568157
cocktail,S375S,0.032067902
double_vax,S375S,-0.02697562
inactivated,S375S,0.0051613282
inactivated_with_rna,S375S,0.06343237
multiple_rna,S375S,0.04044287
rna,S375S,0.12639284
single_vax,S375S,-0.0041630315
unknown,S375S,-0.11380047
vax_with_bivalent,S375S,0.05242973
vax_with_rna,S375S,-0.005104391
Alpha,S438T,0.045460373
Beta,S438T,0.0055917073
Delta,S438T,0.012082649
Epsilon,S438T,0.116388656
Gamma,S438T,-0.08647442
Iota,S438T,0.03409861
Lambda,S438T,-0.0061603696
Mu,S438T,-0.018973121
Omicron/BA.1,S438T,-0.011132736
Omicron/BA.2,S438T,0.04877651
Omicron/BA.4+,S438T,-0.00011752173
Wild Type,S438T,-0.013033275
bivalent,S438T,-0.047148056
bivalent_with_rna,S438T,0.019078383
cocktail,S438T,-0.024488479
double_vax,S438T,-0.015096054
inactivated,S438T,-0.038441867
inactivated_with_rna,S438T,0.07370791
multiple_rna,S438T,-0.018186677
rna,S438T,-0.041008886
single_vax,S438T,0.013850594
unknown,S438T,0.056080334
vax_with_bivalent,S438T,0.0042913444
vax_with_rna,S438T,0.038071916
Alpha,S443A,-0.05589233
Beta,S443A,0.026173025
Delta,S443A,0.10063557
Epsilon,S443A,0.057519466
Gamma,S443A,-0.02292262
Iota,S443A,-0.02055122
Lambda,S443A,-0.014684729
Mu,S443A,-0.0108587425
Omicron/BA.1,S443A,0.07432572
Omicron/BA.2,S443A,0.025255792
Omicron/BA.4+,S443A,0.021217033
Wild Type,S443A,0.001387517
bivalent,S443A,-0.06362699
bivalent_with_rna,S443A,0.03511564
cocktail,S443A,0.014539713
double_vax,S443A,0.060021408
inactivated,S443A,-0.020168554
inactivated_with_rna,S443A,-0.054585304
multiple_rna,S443A,-0.04953015
rna,S443A,-0.02650314
single_vax,S443A,-0.026036866
unknown,S443A,0.020881059
vax_with_bivalent,S443A,0.036674503
vax_with_rna,S443A,0.048291296
Alpha,S459G,-0.0030095726
Beta,S459G,0.034128122
Delta,S459G,-0.0060370658
Epsilon,S459G,-0.008260179
Gamma,S459G,0.051472664
Iota,S459G,0.0061208373
Lambda,S459G,0.020773187
Mu,S459G,0.05706059
Omicron/BA.1,S459G,-0.04099829
Omicron/BA.2,S459G,0.015072099
Omicron/BA.4+,S459G,0.006580789
Wild Type,S459G,0.003980438
bivalent,S459G,0.07754089
bivalent_with_rna,S459G,0.057133585
cocktail,S459G,-0.0060186596
double_vax,S459G,0.035133254
inactivated,S459G,0.008815823
inactivated_with_rna,S459G,-0.026002496
multiple_rna,S459G,-0.058111142
rna,S459G,-0.046230122
single_vax,S459G,-0.0038083699
unknown,S459G,-0.017149018
vax_with_bivalent,S459G,0.06841427
vax_with_rna,S459G,0.04221993
Alpha,S46D,-0.08675178
Beta,S46D,0.067111924
Delta,S46D,-0.017029563
Epsilon,S46D,0.007167764
Gamma,S46D,0.02614857
Iota,S46D,0.061749525
Lambda,S46D,-0.026765548
Mu,S46D,-0.051280394
Omicron/BA.1,S46D,-0.10843513
Omicron/BA.2,S46D,0.024665166
Omicron/BA.4+,S46D,0.14563732
Wild Type,S46D,0.03337679
bivalent,S46D,0.013893127
bivalent_with_rna,S46D,-0.04162418
cocktail,S46D,-0.0005874727
double_vax,S46D,-0.011271527
inactivated,S46D,0.037375905
inactivated_with_rna,S46D,0.13522683
multiple_rna,S46D,-0.064922914
rna,S46D,-0.017672963
single_vax,S46D,-0.015511802
unknown,S46D,0.0036589615
vax_with_bivalent,S46D,-0.08504152
vax_with_rna,S46D,0.05771578
Alpha,S46N,-0.0065311887
Beta,S46N,0.0597979
Delta,S46N,0.086589985
Epsilon,S46N,-0.006753819
Gamma,S46N,-0.05820482
Iota,S46N,0.036685638
Lambda,S46N,0.06972356
Mu,S46N,-0.014721144
Omicron/BA.1,S46N,0.026817713
Omicron/BA.2,S46N,-0.074981794
Omicron/BA.4+,S46N,-0.017780008
Wild Type,S46N,-0.02295884
bivalent,S46N,-0.09051628
bivalent_with_rna,S46N,0.09796637
cocktail,S46N,0.0005791653
double_vax,S46N,-0.021441823
inactivated,S46N,0.024462875
inactivated_with_rna,S46N,-0.044620395
multiple_rna,S46N,-0.02449406
rna,S46N,-0.05276273
single_vax,S46N,0.032220192
unknown,S46N,-0.027530337
vax_with_bivalent,S46N,-0.045017637
vax_with_rna,S46N,0.039094053
Alpha,S477G,-0.014901789
Beta,S477G,-0.022361323
Delta,S477G,-0.058505807
Epsilon,S477G,-0.021300433
Gamma,S477G,0.15506041
Iota,S477G,-0.04075737
Lambda,S477G,0.031095441
Mu,S477G,0.05545867
Omicron/BA.1,S477G,-0.06969946
Omicron/BA.2,S477G,-0.0036094123
Omicron/BA.4+,S477G,-0.042414337
Wild Type,S477G,-0.030433659
bivalent,S477G,-0.044928927
bivalent_with_rna,S477G,-0.017191116
cocktail,S477G,0.06619443
double_vax,S477G,0.00062497007
inactivated,S477G,-0.048964612
inactivated_with_rna,S477G,0.08621222
multiple_rna,S477G,0.0419436
rna,S477G,-0.021136392
single_vax,S477G,0.04443647
unknown,S477G,-0.11361468
vax_with_bivalent,S477G,-0.057248622
vax_with_rna,S477G,-0.019561937
Alpha,S477N,0.05748114
Beta,S477N,0.015398459
Delta,S477N,0.06168499
Epsilon,S477N,0.056645643
Gamma,S477N,0.0049883127
Iota,S477N,-0.016097065
Lambda,S477N,0.037721388
Mu,S477N,0.072791405
Omicron/BA.1,S477N,-0.0055274907
Omicron/BA.2,S477N,-0.06654837
Omicron/BA.4+,S477N,0.00928431
Wild Type,S477N,0.029066302
bivalent,S477N,0.025339758
bivalent_with_rna,S477N,0.01957031
cocktail,S477N,-0.029647196
double_vax,S477N,0.045579992
inactivated,S477N,0.026732353
inactivated_with_rna,S477N,0.08040952
multiple_rna,S477N,0.008280146
rna,S477N,0.039142728
single_vax,S477N,0.032190062
unknown,S477N,0.009248491
vax_with_bivalent,S477N,0.047682352
vax_with_rna,S477N,0.0681386
Alpha,S477S,-0.13404602
Beta,S477S,-0.11744629
Delta,S477S,-0.011696085
Epsilon,S477S,-0.043576658
Gamma,S477S,-0.03341023
Iota,S477S,0.17049451
Lambda,S477S,0.077875316
Mu,S477S,0.05544731
Omicron/BA.1,S477S,0.11257224
Omicron/BA.2,S477S,0.0002091201
Omicron/BA.4+,S477S,-0.02380303
Wild Type,S477S,-0.0127733955
bivalent,S477S,0.11772617
bivalent_with_rna,S477S,0.067669004
cocktail,S477S,0.008896258
double_vax,S477S,-0.03986063
inactivated,S477S,0.05448317
inactivated_with_rna,S477S,-0.006056184
multiple_rna,S477S,0.010070341
rna,S477S,-0.09870916
single_vax,S477S,0.018193169
unknown,S477S,-0.055672027
vax_with_bivalent,S477S,0.07904495
vax_with_rna,S477S,-0.021379733
Alpha,S494D,-0.07260562
Beta,S494D,0.009866437
Delta,S494D,-0.060882714
Epsilon,S494D,-0.091439985
Gamma,S494D,-0.008481077
Iota,S494D,0.08297049
Lambda,S494D,0.03446324
Mu,S494D,0.06541532
Omicron/BA.1,S494D,0.0057299524
Omicron/BA.2,S494D,-0.019078165
Omicron/BA.4+,S494D,-0.014926786
Wild Type,S494D,-0.042151634
bivalent,S494D,0.017632231
bivalent_with_rna,S494D,-0.063937746
cocktail,S494D,0.0849417
double_vax,S494D,0.022480594
inactivated,S494D,0.03475835
inactivated_with_rna,S494D,-0.029809838
multiple_rna,S494D,-0.033416655
rna,S494D,-0.035473734
single_vax,S494D,-0.00094868336
unknown,S494D,0.046240233
vax_with_bivalent,S494D,0.017748877
vax_with_rna,S494D,-0.004092817
Alpha,S494P,0.07985865
Beta,S494P,0.0054516196
Delta,S494P,-0.031644236
Epsilon,S494P,0.13865875
Gamma,S494P,0.0076252734
Iota,S494P,0.010834641
Lambda,S494P,0.07128911
Mu,S494P,-0.033618715
Omicron/BA.1,S494P,0.0008896948
Omicron/BA.2,S494P,0.032714486
Omicron/BA.4+,S494P,-0.12672883
Wild Type,S494P,0.043526985
bivalent,S494P,0.0641476
bivalent_with_rna,S494P,-0.07114454
cocktail,S494P,0.07413904
double_vax,S494P,0.03304833
inactivated,S494P,0.08912205
inactivated_with_rna,S494P,0.141634
multiple_rna,S494P,-0.08271843
rna,S494P,-0.036339145
single_vax,S494P,0.072876394
unknown,S494P,0.071015775
vax_with_bivalent,S494P,0.056339476
vax_with_rna,S494P,-0.06555896
Alpha,S494R,-0.07426847
Beta,S494R,0.021089613
Delta,S494R,0.022764968
Epsilon,S494R,0.09930882
Gamma,S494R,-0.014506763
Iota,S494R,-0.01740864
Lambda,S494R,-0.038488686
Mu,S494R,0.023418196
Omicron/BA.1,S494R,0.080736786
Omicron/BA.2,S494R,0.020930914
Omicron/BA.4+,S494R,-0.02186344
Wild Type,S494R,-0.045380704
bivalent,S494R,0.048554268
bivalent_with_rna,S494R,-0.025295744
cocktail,S494R,-0.03427056
double_vax,S494R,0.040704455
inactivated,S494R,0.03028705
inactivated_with_rna,S494R,-0.06836999
multiple_rna,S494R,0.0034069894
rna,S494R,0.058365725
single_vax,S494R,0.07802184
unknown,S494R,0.10221629
vax_with_bivalent,S494R,-0.044238992
vax_with_rna,S494R,-0.09636569
Alpha,S50L,0.0077730794
Beta,S50L,-0.0033455268
Delta,S50L,0.002080564
Epsilon,S50L,0.01951396
Gamma,S50L,0.07988581
Iota,S50L,0.011000277
Lambda,S50L,-0.06044192
Mu,S50L,-0.02210297
Omicron/BA.1,S50L,0.018626098
Omicron/BA.2,S50L,0.07933231
Omicron/BA.4+,S50L,0.048080765
Wild Type,S50L,-0.023976358
bivalent,S50L,-0.0076468685
bivalent_with_rna,S50L,0.0012979943
cocktail,S50L,0.038252898
double_vax,S50L,-0.026170697
inactivated,S50L,-0.027694806
inactivated_with_rna,S50L,0.040053762
multiple_rna,S50L,0.009560936
rna,S50L,-0.029934246
single_vax,S50L,0.005412922
unknown,S50L,0.08967317
vax_with_bivalent,S50L,0.084695324
vax_with_rna,S50L,-0.0670202
Alpha,S591A,0.0019516312
Beta,S591A,0.09189261
Delta,S591A,0.025766872
Epsilon,S591A,-0.02546876
Gamma,S591A,-0.01737003
Iota,S591A,-0.081580356
Lambda,S591A,0.05418942
Mu,S591A,-0.076435484
Omicron/BA.1,S591A,0.040226925
Omicron/BA.2,S591A,-0.03869023
Omicron/BA.4+,S591A,-0.03509742
Wild Type,S591A,-0.092824236
bivalent,S591A,0.083885744
bivalent_with_rna,S591A,-0.023472264
cocktail,S591A,-0.01813091
double_vax,S591A,-0.0010327618
inactivated,S591A,0.02002933
inactivated_with_rna,S591A,-0.0564215
multiple_rna,S591A,-0.038085293
rna,S591A,-0.040685624
single_vax,S591A,-0.018258644
unknown,S591A,-0.0015612028
vax_with_bivalent,S591A,0.015647652
vax_with_rna,S591A,-0.018442856
Alpha,S640A,0.077201545
Beta,S640A,0.024554722
Delta,S640A,-0.03318913
Epsilon,S640A,-0.038527396
Gamma,S640A,0.05616234
Iota,S640A,0.045396537
Lambda,S640A,0.09883286
Mu,S640A,-0.059055973
Omicron/BA.1,S640A,0.048432417
Omicron/BA.2,S640A,-0.014572149
Omicron/BA.4+,S640A,0.11551159
Wild Type,S640A,-0.18388776
bivalent,S640A,0.049172267
bivalent_with_rna,S640A,-0.018340595
cocktail,S640A,0.06678266
double_vax,S640A,0.02375455
inactivated,S640A,-0.073356085
inactivated_with_rna,S640A,0.07776209
multiple_rna,S640A,-0.018820204
rna,S640A,0.035524882
single_vax,S640A,0.05857299
unknown,S640A,-0.04031293
vax_with_bivalent,S640A,-0.086719655
vax_with_rna,S640A,-0.089420624
Alpha,S640N,-0.040987447
Beta,S640N,-0.1192381
Delta,S640N,-0.09014936
Epsilon,S640N,-0.06070328
Gamma,S640N,-0.07634851
Iota,S640N,0.04307976
Lambda,S640N,0.0370402
Mu,S640N,-0.025471596
Omicron/BA.1,S640N,-0.074194945
Omicron/BA.2,S640N,0.052103497
Omicron/BA.4+,S640N,0.10479364
Wild Type,S640N,0.08340001
bivalent,S640N,-0.05106786
bivalent_with_rna,S640N,-0.059035614
cocktail,S640N,0.06581984
double_vax,S640N,-0.0172615
inactivated,S640N,-0.020057777
inactivated_with_rna,S640N,0.052983865
multiple_rna,S640N,0.099052235
rna,S640N,-0.013254992
single_vax,S640N,-0.020474285
unknown,S640N,-0.016514875
vax_with_bivalent,S640N,-0.010654886
vax_with_rna,S640N,0.0036769956
Alpha,S680L,-0.03871701
Beta,S680L,-0.0036510592
Delta,S680L,-0.0088135535
Epsilon,S680L,-0.10304577
Gamma,S680L,-0.06542437
Iota,S680L,-0.048710525
Lambda,S680L,0.08535385
Mu,S680L,-0.049473897
Omicron/BA.1,S680L,-0.0466019
Omicron/BA.2,S680L,-0.00540555
Omicron/BA.4+,S680L,-0.018366685
Wild Type,S680L,0.07312551
bivalent,S680L,0.004570363
bivalent_with_rna,S680L,-0.0093103135
cocktail,S680L,-0.083733484
double_vax,S680L,0.008758932
inactivated,S680L,0.0153989615
inactivated_with_rna,S680L,0.076431334
multiple_rna,S680L,-0.03073612
rna,S680L,-0.010919688
single_vax,S680L,0.02038468
unknown,S680L,-0.08423179
vax_with_bivalent,S680L,-0.023324918
vax_with_rna,S680L,-0.02235299
Alpha,S689Q,0.06332892
Beta,S689Q,0.045466527
Delta,S689Q,-0.019392215
Epsilon,S689Q,0.05144248
Gamma,S689Q,0.023240682
Iota,S689Q,0.039385542
Lambda,S689Q,0.016064662
Mu,S689Q,0.015012414
Omicron/BA.1,S689Q,0.0075351605
Omicron/BA.2,S689Q,-0.07444752
Omicron/BA.4+,S689Q,-0.014109381
Wild Type,S689Q,-0.019180752
bivalent,S689Q,-0.02154285
bivalent_with_rna,S689Q,-0.07084107
cocktail,S689Q,-0.051665694
double_vax,S689Q,0.050668884
inactivated,S689Q,0.02334326
inactivated_with_rna,S689Q,0.060079403
multiple_rna,S689Q,0.031803936
rna,S689Q,-0.028795853
single_vax,S689Q,0.03766384
unknown,S689Q,0.023967082
vax_with_bivalent,S689Q,0.1148215
vax_with_rna,S689Q,-0.05473245
Alpha,S691A,-0.036780663
Beta,S691A,0.019654466
Delta,S691A,0.048112437
Epsilon,S691A,-0.13521697
Gamma,S691A,-0.035584483
Iota,S691A,-0.16610548
Lambda,S691A,-0.026841113
Mu,S691A,0.079604425
Omicron/BA.1,S691A,0.050648578
Omicron/BA.2,S691A,0.077596284
Omicron/BA.4+,S691A,-0.014531846
Wild Type,S691A,0.07755981
bivalent,S691A,-0.014035444
bivalent_with_rna,S691A,-0.008360822
cocktail,S691A,-0.104320526
double_vax,S691A,0.0037097987
inactivated,S691A,-0.0412453
inactivated_with_rna,S691A,0.1016041
multiple_rna,S691A,0.03363662
rna,S691A,-0.008703418
single_vax,S691A,0.016977545
unknown,S691A,-0.010323298
vax_with_bivalent,S691A,0.032239594
vax_with_rna,S691A,0.07046747
Alpha,S704L,-0.0144394385
Beta,S704L,0.044118244
Delta,S704L,-0.05707775
Epsilon,S704L,0.0067566885
Gamma,S704L,0.06425614
Iota,S704L,0.11018285
Lambda,S704L,0.046728827
Mu,S704L,0.09615076
Omicron/BA.1,S704L,-0.0470369
Omicron/BA.2,S704L,0.028695418
Omicron/BA.4+,S704L,0.025504602
Wild Type,S704L,-0.007108175
bivalent,S704L,0.030256178
bivalent_with_rna,S704L,0.096583165
cocktail,S704L,0.106255054
double_vax,S704L,0.0058028307
inactivated,S704L,-0.10870633
inactivated_with_rna,S704L,-0.007342959
multiple_rna,S704L,-0.10417998
rna,S704L,0.0410278
single_vax,S704L,0.100363895
unknown,S704L,-0.028495803
vax_with_bivalent,S704L,-0.038341146
vax_with_rna,S704L,0.064486064
Alpha,S708A,0.0005728279
Beta,S708A,0.028733822
Delta,S708A,0.00014587585
Epsilon,S708A,0.12202965
Gamma,S708A,-0.013650062
Iota,S708A,-0.027379176
Lambda,S708A,0.019283172
Mu,S708A,-0.055593215
Omicron/BA.1,S708A,-0.08820719
Omicron/BA.2,S708A,0.03762134
Omicron/BA.4+,S708A,-0.027764503
Wild Type,S708A,-0.046931125
bivalent,S708A,0.00024477486
bivalent_with_rna,S708A,0.04518889
cocktail,S708A,-0.021062467
double_vax,S708A,0.045984212
inactivated,S708A,-0.026079725
inactivated_with_rna,S708A,0.036154456
multiple_rna,S708A,0.04311861
rna,S708A,0.04553563
single_vax,S708A,0.014542429
unknown,S708A,-0.04311523
vax_with_bivalent,S708A,-0.066490985
vax_with_rna,S708A,0.020721043
Alpha,S711T,0.0076413164
Beta,S711T,-0.13733932
Delta,S711T,0.021129513
Epsilon,S711T,-0.028090298
Gamma,S711T,-0.009611244
Iota,S711T,-0.10223548
Lambda,S711T,-0.10076472
Mu,S711T,-0.07378667
Omicron/BA.1,S711T,0.12462046
Omicron/BA.2,S711T,0.11437752
Omicron/BA.4+,S711T,0.11958042
Wild Type,S711T,-0.012510002
bivalent,S711T,0.05835681
bivalent_with_rna,S711T,-0.04710806
cocktail,S711T,-0.01842778
double_vax,S711T,0.0036101136
inactivated,S711T,0.042978182
inactivated_with_rna,S711T,0.1302676
multiple_rna,S711T,0.025867263
rna,S711T,-0.05060717
single_vax,S711T,0.010247483
unknown,S711T,-0.064683184
vax_with_bivalent,S711T,-0.07397927
vax_with_rna,S711T,-0.021651186
Alpha,S71F,0.0353247
Beta,S71F,-0.011707197
Delta,S71F,-0.07414213
Epsilon,S71F,0.0319444
Gamma,S71F,-0.08022319
Iota,S71F,-0.07463462
Lambda,S71F,0.03704729
Mu,S71F,-0.078966394
Omicron/BA.1,S71F,-0.035316765
Omicron/BA.2,S71F,0.09054501
Omicron/BA.4+,S71F,-0.1143595
Wild Type,S71F,0.029333204
bivalent,S71F,0.1300736
bivalent_with_rna,S71F,-0.012998793
cocktail,S71F,0.04431512
double_vax,S71F,-0.016570093
inactivated,S71F,0.07431205
inactivated_with_rna,S71F,0.0816258
multiple_rna,S71F,-0.058073953
rna,S71F,-0.057737436
single_vax,S71F,0.03274817
unknown,S71F,-0.043733522
vax_with_bivalent,S71F,0.019118868
vax_with_rna,S71F,0.03676737
Alpha,S71N,-0.10656361
Beta,S71N,-0.059979796
Delta,S71N,-0.009491056
Epsilon,S71N,0.05592724
Gamma,S71N,0.020240085
Iota,S71N,-0.065174565
Lambda,S71N,0.03680869
Mu,S71N,0.098922774
Omicron/BA.1,S71N,0.050468996
Omicron/BA.2,S71N,0.00081247
Omicron/BA.4+,S71N,0.066000335
Wild Type,S71N,-0.078818366
bivalent,S71N,-0.0032125846
bivalent_with_rna,S71N,-0.06827988
cocktail,S71N,-0.029281612
double_vax,S71N,0.124863416
inactivated,S71N,0.023223322
inactivated_with_rna,S71N,-0.063038066
multiple_rna,S71N,0.018331854
rna,S71N,-0.08896311
single_vax,S71N,-0.01568273
unknown,S71N,-0.026339697
vax_with_bivalent,S71N,-0.11103646
vax_with_rna,S71N,0.013755222
Alpha,S71Q,-0.11120467
Beta,S71Q,0.008137889
Delta,S71Q,0.018355403
Epsilon,S71Q,0.016905874
Gamma,S71Q,-0.014504573
Iota,S71Q,0.029221822
Lambda,S71Q,0.034466412
Mu,S71Q,-0.0063192407
Omicron/BA.1,S71Q,-0.08466742
Omicron/BA.2,S71Q,0.08491797
Omicron/BA.4+,S71Q,-0.0042712633
Wild Type,S71Q,-0.014273213
bivalent,S71Q,-0.04218236
bivalent_with_rna,S71Q,-0.018760424
cocktail,S71Q,-0.027184248
double_vax,S71Q,0.0065571265
inactivated,S71Q,0.06997443
inactivated_with_rna,S71Q,-0.04778922
multiple_rna,S71Q,-0.02742122
rna,S71Q,0.03173467
single_vax,S71Q,0.010556785
unknown,S71Q,0.02848719
vax_with_bivalent,S71Q,-0.109741576
vax_with_rna,S71Q,0.12145493
Alpha,S71T,0.022033576
Beta,S71T,0.06630358
Delta,S71T,-0.001483228
Epsilon,S71T,-0.07661842
Gamma,S71T,0.04216007
Iota,S71T,-0.0027693734
Lambda,S71T,0.009096472
Mu,S71T,-0.0007243939
Omicron/BA.1,S71T,-0.09114381
Omicron/BA.2,S71T,-0.036455687
Omicron/BA.4+,S71T,0.06965437
Wild Type,S71T,-0.02134841
bivalent,S71T,-0.004334832
bivalent_with_rna,S71T,0.030822987
cocktail,S71T,0.027848262
double_vax,S71T,-0.01834021
inactivated,S71T,-0.056991924
inactivated_with_rna,S71T,0.0037257322
multiple_rna,S71T,0.011039233
rna,S71T,-0.025078598
single_vax,S71T,0.0006311098
unknown,S71T,0.06208583
vax_with_bivalent,S71T,0.037581973
vax_with_rna,S71T,0.024855293
Alpha,S750A,-0.024967737
Beta,S750A,-0.028994579
Delta,S750A,0.00034086918
Epsilon,S750A,0.022230163
Gamma,S750A,0.079104215
Iota,S750A,0.027628956
Lambda,S750A,0.017051434
Mu,S750A,0.031354297
Omicron/BA.1,S750A,-0.034622055
Omicron/BA.2,S750A,-0.044939127
Omicron/BA.4+,S750A,-0.04705992
Wild Type,S750A,0.04280501
bivalent,S750A,-0.058619726
bivalent_with_rna,S750A,0.0420624
cocktail,S750A,0.021868564
double_vax,S750A,0.005781873
inactivated,S750A,0.06813159
inactivated_with_rna,S750A,0.04792651
multiple_rna,S750A,0.036524292
rna,S750A,-0.023073032
single_vax,S750A,0.009165902
unknown,S750A,0.0059480043
vax_with_bivalent,S750A,0.01752462
vax_with_rna,S750A,0.013217686
Alpha,S810L,0.09064376
Beta,S810L,-0.05539078
Delta,S810L,-0.08059789
Epsilon,S810L,0.045937948
Gamma,S810L,-0.08176118
Iota,S810L,0.00030285842
Lambda,S810L,0.0018483605
Mu,S810L,0.037970133
Omicron/BA.1,S810L,0.061184503
Omicron/BA.2,S810L,0.016199179
Omicron/BA.4+,S810L,-0.041253574
Wild Type,S810L,0.0723936
bivalent,S810L,-0.06388308
bivalent_with_rna,S810L,0.05680151
cocktail,S810L,-0.017855158
double_vax,S810L,-0.03666065
inactivated,S810L,0.07515682
inactivated_with_rna,S810L,0.054771256
multiple_rna,S810L,0.007123651
rna,S810L,-0.015765809
single_vax,S810L,-0.0013949089
unknown,S810L,0.08783341
vax_with_bivalent,S810L,-0.08940263
vax_with_rna,S810L,-0.08213772
Alpha,S813T,-0.019862115
Beta,S813T,-0.08467577
Delta,S813T,0.0054643536
Epsilon,S813T,-0.015555197
Gamma,S813T,0.06374078
Iota,S813T,-0.04897318
Lambda,S813T,0.043499272
Mu,S813T,0.19006042
Omicron/BA.1,S813T,-0.09421229
Omicron/BA.2,S813T,0.08296314
Omicron/BA.4+,S813T,-0.009091279
Wild Type,S813T,0.02146445
bivalent,S813T,0.099843964
bivalent_with_rna,S813T,-0.03005765
cocktail,S813T,0.07345416
double_vax,S813T,0.0063041113
inactivated,S813T,0.006876217
inactivated_with_rna,S813T,-0.0042385543
multiple_rna,S813T,0.012240591
rna,S813T,-0.03248351
single_vax,S813T,0.022755314
unknown,S813T,0.0148889385
vax_with_bivalent,S813T,-0.07532142
vax_with_rna,S813T,0.06191599
Alpha,S875A,-0.0077498266
Beta,S875A,0.051149696
Delta,S875A,0.020616993
Epsilon,S875A,-0.019084144
Gamma,S875A,0.11104837
Iota,S875A,-0.023928497
Lambda,S875A,-0.019690232
Mu,S875A,-0.032800917
Omicron/BA.1,S875A,0.026266556
Omicron/BA.2,S875A,-0.044304684
Omicron/BA.4+,S875A,-0.07581517
Wild Type,S875A,-0.019938782
bivalent,S875A,-0.09885744
bivalent_with_rna,S875A,0.028384777
cocktail,S875A,-0.09783596
double_vax,S875A,0.011628352
inactivated,S875A,-0.109138004
inactivated_with_rna,S875A,-0.004452342
multiple_rna,S875A,-0.078314014
rna,S875A,-0.027935825
single_vax,S875A,-0.0045636073
unknown,S875A,-0.021294184
vax_with_bivalent,S875A,-0.16109921
vax_with_rna,S875A,-0.009467732
Alpha,S884A,0.03830065
Beta,S884A,-0.055059113
Delta,S884A,-0.02236333
Epsilon,S884A,0.030577857
Gamma,S884A,-0.091661304
Iota,S884A,-0.0017215468
Lambda,S884A,-0.08369644
Mu,S884A,-0.09106761
Omicron/BA.1,S884A,0.06566965
Omicron/BA.2,S884A,0.039018344
Omicron/BA.4+,S884A,0.040864047
Wild Type,S884A,0.025168885
bivalent,S884A,0.012108717
bivalent_with_rna,S884A,0.012924674
cocktail,S884A,-0.0130396215
double_vax,S884A,-0.01773221
inactivated,S884A,-0.065303944
inactivated_with_rna,S884A,-0.03535087
multiple_rna,S884A,-0.05867076
rna,S884A,-0.018307256
single_vax,S884A,-0.007822959
unknown,S884A,-0.02103753
vax_with_bivalent,S884A,0.024367547
vax_with_rna,S884A,-0.058715727
Alpha,S929K,0.020566203
Beta,S929K,-0.03755442
Delta,S929K,-0.019791257
Epsilon,S929K,-0.075796306
Gamma,S929K,-0.04854709
Iota,S929K,-0.017431062
Lambda,S929K,0.016679563
Mu,S929K,0.17998342
Omicron/BA.1,S929K,-0.06736922
Omicron/BA.2,S929K,-0.051105432
Omicron/BA.4+,S929K,0.020043265
Wild Type,S929K,0.010313563
bivalent,S929K,-0.0063640038
bivalent_with_rna,S929K,-0.004081903
cocktail,S929K,0.026065756
double_vax,S929K,0.040698502
inactivated,S929K,0.10945496
inactivated_with_rna,S929K,0.010879937
multiple_rna,S929K,-0.054953847
rna,S929K,-0.021592233
single_vax,S929K,0.00974679
unknown,S929K,-0.009618934
vax_with_bivalent,S929K,-0.022449184
vax_with_rna,S929K,-0.033392113
Alpha,S939F,0.06643754
Beta,S939F,-0.077477776
Delta,S939F,0.101211615
Epsilon,S939F,0.0024519172
Gamma,S939F,0.06367945
Iota,S939F,0.04766316
Lambda,S939F,0.08253497
Mu,S939F,0.03246917
Omicron/BA.1,S939F,0.01076324
Omicron/BA.2,S939F,0.03475954
Omicron/BA.4+,S939F,-0.13241373
Wild Type,S939F,-0.029047683
bivalent,S939F,0.013600185
bivalent_with_rna,S939F,0.16235048
cocktail,S939F,0.06683032
double_vax,S939F,-0.091638796
inactivated,S939F,-0.12432038
inactivated_with_rna,S939F,0.019642973
multiple_rna,S939F,-0.0419649
rna,S939F,0.0069106757
single_vax,S939F,-0.032747563
unknown,S939F,-0.014692809
vax_with_bivalent,S939F,0.017882729
vax_with_rna,S939F,-0.0804571
Alpha,S939T,0.08762074
Beta,S939T,0.03521479
Delta,S939T,-0.17614523
Epsilon,S939T,0.032706887
Gamma,S939T,-0.0067126304
Iota,S939T,0.06069801
Lambda,S939T,0.0058880514
Mu,S939T,-0.03844504
Omicron/BA.1,S939T,-0.11111146
Omicron/BA.2,S939T,0.11741611
Omicron/BA.4+,S939T,-0.08510641
Wild Type,S939T,0.048025165
bivalent,S939T,-0.023193337
bivalent_with_rna,S939T,0.11610307
cocktail,S939T,-0.0002318141
double_vax,S939T,0.05061285
inactivated,S939T,-0.03699749
inactivated_with_rna,S939T,0.050114788
multiple_rna,S939T,0.05220033
rna,S939T,-0.033599436
single_vax,S939T,0.0060580857
unknown,S939T,-0.08812197
vax_with_bivalent,S939T,-0.012858259
vax_with_rna,S939T,0.058562767
Alpha,S940T,0.1261184
Beta,S940T,0.04296775
Delta,S940T,-0.019508958
Epsilon,S940T,-0.053885583
Gamma,S940T,-0.008164923
Iota,S940T,0.027546655
Lambda,S940T,0.010322917
Mu,S940T,-0.0143519025
Omicron/BA.1,S940T,0.017310772
Omicron/BA.2,S940T,0.028121853
Omicron/BA.4+,S940T,-0.052086852
Wild Type,S940T,-0.02500516
bivalent,S940T,0.02799351
bivalent_with_rna,S940T,0.0077316407
cocktail,S940T,-0.029733283
double_vax,S940T,-0.033792254
inactivated,S940T,-0.01119243
inactivated_with_rna,S940T,-0.08623947
multiple_rna,S940T,0.038987875
rna,S940T,-0.034115937
single_vax,S940T,-0.002078535
unknown,S940T,0.06752034
vax_with_bivalent,S940T,0.04420675
vax_with_rna,S940T,-0.037007064
Alpha,S943T,0.111394264
Beta,S943T,-0.05082684
Delta,S943T,-0.048839945
Epsilon,S943T,0.053281806
Gamma,S943T,0.088748634
Iota,S943T,-0.035452962
Lambda,S943T,-0.0028805763
Mu,S943T,-0.073061466
Omicron/BA.1,S943T,0.04580472
Omicron/BA.2,S943T,0.05846133
Omicron/BA.4+,S943T,0.08661869
Wild Type,S943T,-0.108773425
bivalent,S943T,-0.028636122
bivalent_with_rna,S943T,-0.037202086
cocktail,S943T,-0.074411705
double_vax,S943T,0.0028014737
inactivated,S943T,-0.10072791
inactivated_with_rna,S943T,-0.03985455
multiple_rna,S943T,0.070382185
rna,S943T,-0.05045241
single_vax,S943T,-0.010200857
unknown,S943T,-0.04057746
vax_with_bivalent,S943T,0.036938917
vax_with_rna,S943T,0.14149153
Alpha,S94A,-0.034110747
Beta,S94A,0.025593456
Delta,S94A,-0.038006496
Epsilon,S94A,-0.082785435
Gamma,S94A,0.09874081
Iota,S94A,0.050952796
Lambda,S94A,-0.12175091
Mu,S94A,-0.050480656
Omicron/BA.1,S94A,-0.06389156
Omicron/BA.2,S94A,0.01948761
Omicron/BA.4+,S94A,0.0051710927
Wild Type,S94A,0.029143713
bivalent,S94A,0.06143248
bivalent_with_rna,S94A,-0.015585675
cocktail,S94A,-0.09115132
double_vax,S94A,-0.027094824
inactivated,S94A,0.04628861
inactivated_with_rna,S94A,0.11684968
multiple_rna,S94A,-0.037691817
rna,S94A,-0.03480193
single_vax,S94A,0.014244717
unknown,S94A,-0.1517885
vax_with_bivalent,S94A,-0.09201962
vax_with_rna,S94A,0.06348578
Alpha,S982A,-0.0274239
Beta,S982A,-0.11682877
Delta,S982A,0.046295848
Epsilon,S982A,0.013224864
Gamma,S982A,0.015026466
Iota,S982A,-0.051032834
Lambda,S982A,0.16150121
Mu,S982A,-0.03631112
Omicron/BA.1,S982A,-0.06496541
Omicron/BA.2,S982A,0.03933658
Omicron/BA.4+,S982A,-0.026965454
Wild Type,S982A,-0.079634346
bivalent,S982A,0.017158695
bivalent_with_rna,S982A,0.0034928569
cocktail,S982A,0.0508065
double_vax,S982A,-0.091462836
inactivated,S982A,0.10046829
inactivated_with_rna,S982A,-0.16527273
multiple_rna,S982A,-0.009114059
rna,S982A,-0.1042131
single_vax,S982A,0.019319255
unknown,S982A,-0.10799043
vax_with_bivalent,S982A,0.017562889
vax_with_rna,S982A,0.041018605
Alpha,T1027I,0.045239996
Beta,T1027I,0.011301726
Delta,T1027I,-0.017725775
Epsilon,T1027I,0.011908263
Gamma,T1027I,-0.028895168
Iota,T1027I,-0.040203676
Lambda,T1027I,0.0016343849
Mu,T1027I,-0.11897761
Omicron/BA.1,T1027I,-0.06523875
Omicron/BA.2,T1027I,-0.051640105
Omicron/BA.4+,T1027I,0.00016660057
Wild Type,T1027I,-0.03980486
bivalent,T1027I,0.026082506
bivalent_with_rna,T1027I,0.08961595
cocktail,T1027I,-0.013028462
double_vax,T1027I,0.07647848
inactivated,T1027I,-0.071258366
inactivated_with_rna,T1027I,0.008839217
multiple_rna,T1027I,-0.046836935
rna,T1027I,-0.0053769057
single_vax,T1027I,-0.018304557
unknown,T1027I,0.039712638
vax_with_bivalent,T1027I,-0.036159113
vax_with_rna,T1027I,-0.0038829963
Alpha,T108S,0.08414999
Beta,T108S,-0.10019484
Delta,T108S,0.035260797
Epsilon,T108S,-0.041829236
Gamma,T108S,0.057144735
Iota,T108S,-0.040145054
Lambda,T108S,-0.02447327
Mu,T108S,-0.03324263
Omicron/BA.1,T108S,-0.012499181
Omicron/BA.2,T108S,0.020875469
Omicron/BA.4+,T108S,0.08470606
Wild Type,T108S,0.09754688
bivalent,T108S,-0.00037338305
bivalent_with_rna,T108S,-0.010443772
cocktail,T108S,-0.047491983
double_vax,T108S,-0.033728037
inactivated,T108S,-0.012770718
inactivated_with_rna,T108S,-0.06870022
multiple_rna,T108S,-0.08970285
rna,T108S,-0.03055165
single_vax,T108S,0.0055792416
unknown,T108S,0.019734882
vax_with_bivalent,T108S,0.01867133
vax_with_rna,T108S,0.020655487
Alpha,T114S,-0.027389456
Beta,T114S,-0.009641085
Delta,T114S,-0.025416657
Epsilon,T114S,0.04632061
Gamma,T114S,-0.08297177
Iota,T114S,-0.06709614
Lambda,T114S,-0.074166626
Mu,T114S,-0.021431195
Omicron/BA.1,T114S,-0.009873686
Omicron/BA.2,T114S,0.019859564
Omicron/BA.4+,T114S,0.0366401
Wild Type,T114S,0.0022335225
bivalent,T114S,-0.011517202
bivalent_with_rna,T114S,0.019687654
cocktail,T114S,-0.028387232
double_vax,T114S,0.057057675
inactivated,T114S,0.09910768
inactivated_with_rna,T114S,0.04136142
multiple_rna,T114S,-0.066155374
rna,T114S,-0.04892206
single_vax,T114S,0.013258682
unknown,T114S,-0.016335318
vax_with_bivalent,T114S,-0.02237703
vax_with_rna,T114S,-0.060818467
Alpha,T19I,0.062116586
Beta,T19I,0.025342088
Delta,T19I,0.021675337
Epsilon,T19I,-0.01928779
Gamma,T19I,-0.030387698
Iota,T19I,0.042817876
Lambda,T19I,0.023492392
Mu,T19I,0.0075805727
Omicron/BA.1,T19I,-0.007026538
Omicron/BA.2,T19I,-0.05865028
Omicron/BA.4+,T19I,-0.006623569
Wild Type,T19I,0.035856705
bivalent,T19I,0.016143925
bivalent_with_rna,T19I,0.014722418
cocktail,T19I,0.0021941233
double_vax,T19I,-0.035586905
inactivated,T19I,-0.0028645801
inactivated_with_rna,T19I,-0.005042567
multiple_rna,T19I,0.010627857
rna,T19I,0.013164914
single_vax,T19I,0.036459245
unknown,T19I,-0.020082278
vax_with_bivalent,T19I,0.029115558
vax_with_rna,T19I,-0.001160196
Alpha,T19L,-0.08356812
Beta,T19L,-0.00022124313
Delta,T19L,0.030712493
Epsilon,T19L,0.0043306663
Gamma,T19L,0.01366702
Iota,T19L,-0.036202587
Lambda,T19L,-0.012637744
Mu,T19L,-0.0909303
Omicron/BA.1,T19L,-0.073567696
Omicron/BA.2,T19L,-0.07346651
Omicron/BA.4+,T19L,0.027992107
Wild Type,T19L,0.08013286
bivalent,T19L,-0.06224646
bivalent_with_rna,T19L,-0.014058568
cocktail,T19L,0.025668297
double_vax,T19L,0.00020971731
inactivated,T19L,0.021878656
inactivated_with_rna,T19L,0.045793865
multiple_rna,T19L,0.031261444
rna,T19L,-0.08910703
single_vax,T19L,0.06658658
unknown,T19L,0.067145705
vax_with_bivalent,T19L,0.0011661258
vax_with_rna,T19L,0.07667414
Alpha,T19R,0.021732146
Beta,T19R,0.03156962
Delta,T19R,-0.08242107
Epsilon,T19R,0.036983967
Gamma,T19R,0.12240338
Iota,T19R,0.028645974
Lambda,T19R,0.09224791
Mu,T19R,0.07879442
Omicron/BA.1,T19R,0.009820649
Omicron/BA.2,T19R,0.02069203
Omicron/BA.4+,T19R,-0.00024313014
Wild Type,T19R,0.00020537595
bivalent,T19R,0.030177636
bivalent_with_rna,T19R,0.044486478
cocktail,T19R,0.012445858
double_vax,T19R,0.009251958
inactivated,T19R,0.0979874
inactivated_with_rna,T19R,-0.0067688157
multiple_rna,T19R,-0.024216302
rna,T19R,-0.0025565824
single_vax,T19R,-0.00968099
unknown,T19R,0.07208719
vax_with_bivalent,T19R,0.05849937
vax_with_rna,T19R,0.024454894
Alpha,T19T,0.044961452
Beta,T19T,0.01984378
Delta,T19T,-0.03344108
Epsilon,T19T,0.0067831543
Gamma,T19T,-0.027100937
Iota,T19T,0.06901542
Lambda,T19T,0.017653307
Mu,T19T,-0.047865897
Omicron/BA.1,T19T,-0.05330669
Omicron/BA.2,T19T,-0.049538065
Omicron/BA.4+,T19T,-0.017406201
Wild Type,T19T,-0.04244973
bivalent,T19T,-0.042207964
bivalent_with_rna,T19T,0.09805552
cocktail,T19T,0.030748885
double_vax,T19T,0.04852664
inactivated,T19T,0.03399194
inactivated_with_rna,T19T,-0.021594487
multiple_rna,T19T,0.033912096
rna,T19T,-0.05020932
single_vax,T19T,-0.10661741
unknown,T19T,0.063316725
vax_with_bivalent,T19T,-0.052435957
vax_with_rna,T19T,-0.004199501
Alpha,T208Q,0.0142167155
Beta,T208Q,0.10875094
Delta,T208Q,0.0119838305
Epsilon,T208Q,0.040573288
Gamma,T208Q,0.028951086
Iota,T208Q,-0.01330528
Lambda,T208Q,-0.04115426
Mu,T208Q,-0.09380039
Omicron/BA.1,T208Q,-0.02139797
Omicron/BA.2,T208Q,0.11614975
Omicron/BA.4+,T208Q,0.11759851
Wild Type,T208Q,-0.0029045623
bivalent,T208Q,-0.005100364
bivalent_with_rna,T208Q,0.06308298
cocktail,T208Q,0.070088044
double_vax,T208Q,0.04040196
inactivated,T208Q,0.06580116
inactivated_with_rna,T208Q,-0.005700497
multiple_rna,T208Q,-0.027901208
rna,T208Q,-0.04180771
single_vax,T208Q,0.027818587
unknown,T208Q,0.072994456
vax_with_bivalent,T208Q,-0.09195625
vax_with_rna,T208Q,-0.0067668827
Alpha,T20D,-0.0687781
Beta,T20D,-0.1019454
Delta,T20D,-0.028773533
Epsilon,T20D,0.103477135
Gamma,T20D,-0.0009369496
Iota,T20D,0.042806983
Lambda,T20D,-0.079672106
Mu,T20D,0.027021226
Omicron/BA.1,T20D,0.014211064
Omicron/BA.2,T20D,-0.013787656
Omicron/BA.4+,T20D,-0.041463442
Wild Type,T20D,0.062772475
bivalent,T20D,-0.04096791
bivalent_with_rna,T20D,-0.045392614
cocktail,T20D,-0.030182533
double_vax,T20D,-0.008859732
inactivated,T20D,-0.019746132
inactivated_with_rna,T20D,0.08507235
multiple_rna,T20D,-0.031792916
rna,T20D,-0.02483932
single_vax,T20D,0.055356562
unknown,T20D,0.10377292
vax_with_bivalent,T20D,0.019245889
vax_with_rna,T20D,0.031999983
Alpha,T20N,-0.03165268
Beta,T20N,-0.03084423
Delta,T20N,0.086528
Epsilon,T20N,0.08916472
Gamma,T20N,-0.0016498379
Iota,T20N,-0.081767455
Lambda,T20N,0.062535055
Mu,T20N,-0.1278146
Omicron/BA.1,T20N,0.03857724
Omicron/BA.2,T20N,-0.02366924
Omicron/BA.4+,T20N,0.046474844
Wild Type,T20N,0.03681268
bivalent,T20N,-0.085786596
bivalent_with_rna,T20N,-0.039559517
cocktail,T20N,-0.084790275
double_vax,T20N,0.08040253
inactivated,T20N,-0.018519564
inactivated_with_rna,T20N,-0.022677284
multiple_rna,T20N,0.020161618
rna,T20N,-0.036709532
single_vax,T20N,0.0033399926
unknown,T20N,0.013478703
vax_with_bivalent,T20N,-0.034107298
vax_with_rna,T20N,-0.024818193
Alpha,T22D,-0.024030887
Beta,T22D,-0.2105429
Delta,T22D,0.02277707
Epsilon,T22D,0.02365791
Gamma,T22D,0.01863155
Iota,T22D,-0.051236615
Lambda,T22D,-0.07315373
Mu,T22D,-0.06264901
Omicron/BA.1,T22D,-0.07622011
Omicron/BA.2,T22D,0.00895183
Omicron/BA.4+,T22D,0.021747945
Wild Type,T22D,-0.08261247
bivalent,T22D,-0.057353813
bivalent_with_rna,T22D,-0.04930139
cocktail,T22D,-0.14979023
double_vax,T22D,-0.002767945
inactivated,T22D,-0.0044409353
inactivated_with_rna,T22D,-0.12467924
multiple_rna,T22D,0.11336456
rna,T22D,-0.038966976
single_vax,T22D,0.03754471
unknown,T22D,-0.02934695
vax_with_bivalent,T22D,-0.022596143
vax_with_rna,T22D,0.029898714
Alpha,T22I,-0.13040948
Beta,T22I,-0.009543209
Delta,T22I,0.09604494
Epsilon,T22I,0.010533106
Gamma,T22I,0.03695955
Iota,T22I,0.016888341
Lambda,T22I,-0.011666367
Mu,T22I,0.052105695
Omicron/BA.1,T22I,0.12305288
Omicron/BA.2,T22I,-0.103317045
Omicron/BA.4+,T22I,0.023432318
Wild Type,T22I,0.019302955
bivalent,T22I,-0.15356655
bivalent_with_rna,T22I,-0.091336034
cocktail,T22I,0.080124006
double_vax,T22I,-0.022580793
inactivated,T22I,0.027961602
inactivated_with_rna,T22I,-0.026526887
multiple_rna,T22I,0.069812775
rna,T22I,-0.0032848837
single_vax,T22I,-0.057038683
unknown,T22I,0.020126106
vax_with_bivalent,T22I,0.041681934
vax_with_rna,T22I,0.04642782
Alpha,T240A,-0.056304637
Beta,T240A,0.06204304
Delta,T240A,-0.10207954
Epsilon,T240A,0.11200517
Gamma,T240A,-0.0009175284
Iota,T240A,0.014654566
Lambda,T240A,-0.13319218
Mu,T240A,-0.012634907
Omicron/BA.1,T240A,-0.09859896
Omicron/BA.2,T240A,0.076550886
Omicron/BA.4+,T240A,-0.042544708
Wild Type,T240A,0.028137108
bivalent,T240A,-0.0010220883
bivalent_with_rna,T240A,0.09095243
cocktail,T240A,0.022182107
double_vax,T240A,0.030380929
inactivated,T240A,0.046753787
inactivated_with_rna,T240A,-0.0078767
multiple_rna,T240A,-0.07440214
rna,T240A,-0.0053003673
single_vax,T240A,-0.0035529342
unknown,T240A,0.070836425
vax_with_bivalent,T240A,-0.006130001
vax_with_rna,T240A,0.010539576
Alpha,T250A,0.06498129
Beta,T250A,-0.040061295
Delta,T250A,-0.027100746
Epsilon,T250A,-0.022260444
Gamma,T250A,-0.04624958
Iota,T250A,-0.034636028
Lambda,T250A,0.12576869
Mu,T250A,-0.0045998613
Omicron/BA.1,T250A,-0.01968191
Omicron/BA.2,T250A,0.093673505
Omicron/BA.4+,T250A,0.08591531
Wild Type,T250A,0.051046662
bivalent,T250A,-0.08192424
bivalent_with_rna,T250A,-0.011221128
cocktail,T250A,0.028581742
double_vax,T250A,0.007640724
inactivated,T250A,-0.016560612
inactivated_with_rna,T250A,0.049267765
multiple_rna,T250A,-0.04761799
rna,T250A,-0.030312996
single_vax,T250A,-0.00057773665
unknown,T250A,0.04726155
vax_with_bivalent,T250A,0.010082841
vax_with_rna,T250A,0.013085039
Alpha,T250M,0.07923282
Beta,T250M,-0.03583577
Delta,T250M,-0.013633126
Epsilon,T250M,-0.05830004
Gamma,T250M,0.052867796
Iota,T250M,0.0492064
Lambda,T250M,-0.062089603
Mu,T250M,0.006759601
Omicron/BA.1,T250M,-0.055170506
Omicron/BA.2,T250M,0.030679721
Omicron/BA.4+,T250M,-0.035921723
Wild Type,T250M,-0.028226942
bivalent,T250M,-0.045124844
bivalent_with_rna,T250M,-0.087922804
cocktail,T250M,0.0072163185
double_vax,T250M,-0.09792507
inactivated,T250M,0.06988963
inactivated_with_rna,T250M,0.07989809
multiple_rna,T250M,0.009076009
rna,T250M,0.10674015
single_vax,T250M,0.082643
unknown,T250M,0.0028387746
vax_with_bivalent,T250M,0.043368116
vax_with_rna,T250M,-0.071400866
Alpha,T250R,0.10669872
Beta,T250R,-0.037362266
Delta,T250R,-0.005257095
Epsilon,T250R,0.06655271
Gamma,T250R,0.07739104
Iota,T250R,-0.07256703
Lambda,T250R,0.11776541
Mu,T250R,0.05110103
Omicron/BA.1,T250R,-0.017577779
Omicron/BA.2,T250R,-0.06733121
Omicron/BA.4+,T250R,0.0012188391
Wild Type,T250R,0.013996154
bivalent,T250R,0.04616614
bivalent_with_rna,T250R,-0.03458898
cocktail,T250R,0.00320584
double_vax,T250R,-0.045953285
inactivated,T250R,-0.0018614279
inactivated_with_rna,T250R,0.077571124
multiple_rna,T250R,0.027684024
rna,T250R,-0.07551222
single_vax,T250R,-0.02445319
unknown,T250R,-0.0011000466
vax_with_bivalent,T250R,-0.054047376
vax_with_rna,T250R,-0.08067781
Alpha,T274I,0.05176922
Beta,T274I,0.029659899
Delta,T274I,-0.08750999
Epsilon,T274I,0.037951145
Gamma,T274I,0.038546614
Iota,T274I,0.04429821
Lambda,T274I,-0.08022304
Mu,T274I,-0.08612378
Omicron/BA.1,T274I,-0.055761468
Omicron/BA.2,T274I,0.006754374
Omicron/BA.4+,T274I,0.11096097
Wild Type,T274I,-0.084957175
bivalent,T274I,0.16189161
bivalent_with_rna,T274I,0.02258689
cocktail,T274I,0.030366337
double_vax,T274I,-0.012639314
inactivated,T274I,0.06728232
inactivated_with_rna,T274I,-0.04141199
multiple_rna,T274I,0.08751543
rna,T274I,0.071535856
single_vax,T274I,-0.042326145
unknown,T274I,-0.053374056
vax_with_bivalent,T274I,0.04937169
vax_with_rna,T274I,-0.011073822
Alpha,T299A,-0.055785738
Beta,T299A,0.008453352
Delta,T299A,0.039188214
Epsilon,T299A,0.004685124
Gamma,T299A,0.021820324
Iota,T299A,0.03807285
Lambda,T299A,0.0052127615
Mu,T299A,-0.030419944
Omicron/BA.1,T299A,-0.013760729
Omicron/BA.2,T299A,-0.03506393
Omicron/BA.4+,T299A,-0.018399492
Wild Type,T299A,0.0060379608
bivalent,T299A,-0.007164208
bivalent_with_rna,T299A,0.011504179
cocktail,T299A,-0.04908533
double_vax,T299A,0.033730872
inactivated,T299A,-0.020256704
inactivated_with_rna,T299A,0.026831292
multiple_rna,T299A,-0.1496935
rna,T299A,0.009101192
single_vax,T299A,0.11252812
unknown,T299A,-0.002826434
vax_with_bivalent,T299A,-0.0047744103
vax_with_rna,T299A,-0.01827331
Alpha,T299L,-0.0070899837
Beta,T299L,-0.013302796
Delta,T299L,0.023092108
Epsilon,T299L,-0.06915233
Gamma,T299L,-0.10285104
Iota,T299L,0.059196264
Lambda,T299L,0.12001551
Mu,T299L,-0.019219415
Omicron/BA.1,T299L,-0.011367619
Omicron/BA.2,T299L,-0.002324145
Omicron/BA.4+,T299L,0.012880808
Wild Type,T299L,0.08051948
bivalent,T299L,0.018950015
bivalent_with_rna,T299L,0.036115214
cocktail,T299L,0.011636494
double_vax,T299L,-0.005178432
inactivated,T299L,-0.0743541
inactivated_with_rna,T299L,0.07696529
multiple_rna,T299L,0.08358367
rna,T299L,-0.03393359
single_vax,T299L,-0.0024116943
unknown,T299L,-0.032914367
vax_with_bivalent,T299L,0.046662692
vax_with_rna,T299L,0.122559175
Alpha,T302S,-0.039658606
Beta,T302S,-0.06576485
Delta,T302S,-0.010065611
Epsilon,T302S,-0.0056990427
Gamma,T302S,0.06957435
Iota,T302S,0.0033254279
Lambda,T302S,0.035943262
Mu,T302S,0.029737443
Omicron/BA.1,T302S,0.10561926
Omicron/BA.2,T302S,-0.010553474
Omicron/BA.4+,T302S,-0.120240144
Wild Type,T302S,-0.010818297
bivalent,T302S,0.03549311
bivalent_with_rna,T302S,-0.07119042
cocktail,T302S,-0.067413166
double_vax,T302S,-0.04008488
inactivated,T302S,-0.033520177
inactivated_with_rna,T302S,-0.060384
multiple_rna,T302S,0.061695967
rna,T302S,-0.011210625
single_vax,T302S,0.03844577
unknown,T302S,0.03595887
vax_with_bivalent,T302S,0.044905547
vax_with_rna,T302S,-0.085285
Alpha,T307E,0.024981974
Beta,T307E,-0.0052429633
Delta,T307E,-0.08130141
Epsilon,T307E,-0.0795822
Gamma,T307E,0.0042883856
Iota,T307E,0.02734581
Lambda,T307E,0.020476125
Mu,T307E,0.022652008
Omicron/BA.1,T307E,-0.009252665
Omicron/BA.2,T307E,-0.07054404
Omicron/BA.4+,T307E,-0.06521878
Wild Type,T307E,-0.14463621
bivalent,T307E,-0.09003362
bivalent_with_rna,T307E,-0.04784827
cocktail,T307E,-0.03316267
double_vax,T307E,0.0186656
inactivated,T307E,0.11315744
inactivated_with_rna,T307E,0.059068017
multiple_rna,T307E,0.05374497
rna,T307E,-0.012931061
single_vax,T307E,-0.018547622
unknown,T307E,-0.06008514
vax_with_bivalent,T307E,0.011993903
vax_with_rna,T307E,-0.027840652
Alpha,T323S,-0.03140591
Beta,T323S,-0.02893401
Delta,T323S,0.030872822
Epsilon,T323S,-0.074754484
Gamma,T323S,0.09619269
Iota,T323S,-0.01774876
Lambda,T323S,0.012584057
Mu,T323S,0.0128557505
Omicron/BA.1,T323S,0.09926747
Omicron/BA.2,T323S,-0.08086716
Omicron/BA.4+,T323S,0.010231442
Wild Type,T323S,0.09715055
bivalent,T323S,-0.043018617
bivalent_with_rna,T323S,0.05143665
cocktail,T323S,-0.0718274
double_vax,T323S,-0.04665827
inactivated,T323S,0.10678154
inactivated_with_rna,T323S,-0.059659787
multiple_rna,T323S,-0.05787114
rna,T323S,-0.023638811
single_vax,T323S,0.04969532
unknown,T323S,-0.038370132
vax_with_bivalent,T323S,-0.021372352
vax_with_rna,T323S,0.0032722033
Alpha,T33H,-0.04293172
Beta,T33H,-0.01268683
Delta,T33H,-0.027392834
Epsilon,T33H,0.06722337
Gamma,T33H,0.013557296
Iota,T33H,0.086320244
Lambda,T33H,0.021415431
Mu,T33H,-0.13318324
Omicron/BA.1,T33H,-0.020666491
Omicron/BA.2,T33H,0.080750845
Omicron/BA.4+,T33H,-0.12801303
Wild Type,T33H,0.08163321
bivalent,T33H,0.06371105
bivalent_with_rna,T33H,-0.02653104
cocktail,T33H,0.07414433
double_vax,T33H,0.009128826
inactivated,T33H,0.022624582
inactivated_with_rna,T33H,0.07882504
multiple_rna,T33H,0.055158924
rna,T33H,-0.10688131
single_vax,T33H,-0.09760841
unknown,T33H,-0.020036206
vax_with_bivalent,T33H,-0.04540731
vax_with_rna,T33H,0.044073045
Alpha,T33M,0.012122548
Beta,T33M,-0.06059707
Delta,T33M,-0.031555288
Epsilon,T33M,0.04845845
Gamma,T33M,0.001637283
Iota,T33M,0.06891237
Lambda,T33M,0.01450498
Mu,T33M,0.024492983
Omicron/BA.1,T33M,-0.11102678
Omicron/BA.2,T33M,-0.1943345
Omicron/BA.4+,T33M,-0.014350532
Wild Type,T33M,-0.0148723945
bivalent,T33M,0.09068255
bivalent_with_rna,T33M,0.0528201
cocktail,T33M,0.013800894
double_vax,T33M,0.043210246
inactivated,T33M,-0.04818838
inactivated_with_rna,T33M,-0.04127004
multiple_rna,T33M,0.083270065
rna,T33M,-0.019520057
single_vax,T33M,-0.022548117
unknown,T33M,0.10612326
vax_with_bivalent,T33M,0.031600237
vax_with_rna,T33M,0.08669644
Alpha,T345S,0.00058363425
Beta,T345S,-0.14390124
Delta,T345S,-0.0029852653
Epsilon,T345S,-0.040978335
Gamma,T345S,0.015915059
Iota,T345S,0.01623226
Lambda,T345S,-0.069751844
Mu,T345S,0.05145342
Omicron/BA.1,T345S,0.068496905
Omicron/BA.2,T345S,0.026756886
Omicron/BA.4+,T345S,0.09500933
Wild Type,T345S,0.02632046
bivalent,T345S,0.023992246
bivalent_with_rna,T345S,-0.056699708
cocktail,T345S,0.01475728
double_vax,T345S,-0.04315739
inactivated,T345S,0.061102673
inactivated_with_rna,T345S,0.13023357
multiple_rna,T345S,0.021933395
rna,T345S,-0.05034215
single_vax,T345S,-0.074337155
unknown,T345S,-0.036935605
vax_with_bivalent,T345S,-0.017746307
vax_with_rna,T345S,0.07062696
Alpha,T376A,0.03835402
Beta,T376A,-0.01937103
Delta,T376A,0.006767107
Epsilon,T376A,0.048818123
Gamma,T376A,0.0017521083
Iota,T376A,0.03542894
Lambda,T376A,0.026363261
Mu,T376A,0.062331475
Omicron/BA.1,T376A,0.031103972
Omicron/BA.2,T376A,0.02660542
Omicron/BA.4+,T376A,-0.018178137
Wild Type,T376A,0.026537944
bivalent,T376A,0.037220888
bivalent_with_rna,T376A,0.01484186
cocktail,T376A,0.018664867
double_vax,T376A,-0.0015888205
inactivated,T376A,0.0037528274
inactivated_with_rna,T376A,-0.02121005
multiple_rna,T376A,-0.074843004
rna,T376A,0.01576598
single_vax,T376A,0.036788404
unknown,T376A,0.020240802
vax_with_bivalent,T376A,-0.027817842
vax_with_rna,T376A,0.012447419
Alpha,T376T,-0.0077220732
Beta,T376T,-0.06202301
Delta,T376T,0.07997271
Epsilon,T376T,0.0002495218
Gamma,T376T,0.019507721
Iota,T376T,0.048399024
Lambda,T376T,-0.030441198
Mu,T376T,0.031275414
Omicron/BA.1,T376T,0.0356018
Omicron/BA.2,T376T,0.0013276082
Omicron/BA.4+,T376T,0.047510184
Wild Type,T376T,0.0102440035
bivalent,T376T,0.08111237
bivalent_with_rna,T376T,0.148089
cocktail,T376T,0.02289911
double_vax,T376T,-0.06272267
inactivated,T376T,0.08028622
inactivated_with_rna,T376T,0.048751183
multiple_rna,T376T,-0.08311976
rna,T376T,-0.0016803734
single_vax,T376T,0.04779149
unknown,T376T,0.041578278
vax_with_bivalent,T376T,0.053343974
vax_with_rna,T376T,-0.0068010753
Alpha,T393S,0.047349565
Beta,T393S,0.06384968
Delta,T393S,0.12566714
Epsilon,T393S,0.03131315
Gamma,T393S,-0.100997604
Iota,T393S,-0.0079546
Lambda,T393S,0.0045902673
Mu,T393S,-0.039296366
Omicron/BA.1,T393S,0.037075892
Omicron/BA.2,T393S,-0.10269316
Omicron/BA.4+,T393S,0.066531
Wild Type,T393S,-0.029842762
bivalent,T393S,0.0422798
bivalent_with_rna,T393S,-0.031629287
cocktail,T393S,-0.010289406
double_vax,T393S,-0.03662681
inactivated,T393S,0.040523957
inactivated_with_rna,T393S,-0.010829162
multiple_rna,T393S,-0.09388358
rna,T393S,-0.030437808
single_vax,T393S,-0.0054033147
unknown,T393S,0.07518948
vax_with_bivalent,T393S,-0.077473186
vax_with_rna,T393S,-0.0039361157
Alpha,T430M,-0.108936876
Beta,T430M,0.029071078
Delta,T430M,0.008619552
Epsilon,T430M,-0.047203176
Gamma,T430M,0.00908524
Iota,T430M,-0.0073001203
Lambda,T430M,0.018728532
Mu,T430M,0.019492637
Omicron/BA.1,T430M,-0.06887825
Omicron/BA.2,T430M,0.03406273
Omicron/BA.4+,T430M,0.04877758
Wild Type,T430M,-0.123195395
bivalent,T430M,-0.05463382
bivalent_with_rna,T430M,-0.076705456
cocktail,T430M,0.0119701605
double_vax,T430M,0.0007479477
inactivated,T430M,-0.07826939
inactivated_with_rna,T430M,0.010337172
multiple_rna,T430M,0.011051639
rna,T430M,-0.037084326
single_vax,T430M,0.03125546
unknown,T430M,0.06903426
vax_with_bivalent,T430M,0.030628167
vax_with_rna,T430M,-0.07544854
Alpha,T470N,0.06679274
Beta,T470N,0.012659237
Delta,T470N,-0.011816459
Epsilon,T470N,0.020946354
Gamma,T470N,-0.064005196
Iota,T470N,-0.029009243
Lambda,T470N,0.05404523
Mu,T470N,0.044848938
Omicron/BA.1,T470N,0.04143599
Omicron/BA.2,T470N,-0.012392437
Omicron/BA.4+,T470N,0.07496166
Wild Type,T470N,0.002762892
bivalent,T470N,0.018574707
bivalent_with_rna,T470N,0.033393137
cocktail,T470N,-0.011765427
double_vax,T470N,0.02065193
inactivated,T470N,-0.050861504
inactivated_with_rna,T470N,-0.002316859
multiple_rna,T470N,0.06725401
rna,T470N,-0.03764579
single_vax,T470N,-0.0013062535
unknown,T470N,0.10243347
vax_with_bivalent,T470N,0.03401193
vax_with_rna,T470N,-0.014668688
Alpha,T478K,0.09333207
Beta,T478K,0.08396314
Delta,T478K,0.028172458
Epsilon,T478K,0.11413558
Gamma,T478K,0.103833996
Iota,T478K,0.10391048
Lambda,T478K,0.10350649
Mu,T478K,0.023495765
Omicron/BA.1,T478K,-0.018681878
Omicron/BA.2,T478K,-0.067627795
Omicron/BA.4+,T478K,0.03089802
Wild Type,T478K,0.041673068
bivalent,T478K,0.06778302
bivalent_with_rna,T478K,0.06382716
cocktail,T478K,0.04206977
double_vax,T478K,0.052480303
inactivated,T478K,0.036238723
inactivated_with_rna,T478K,0.0733307
multiple_rna,T478K,0.032783773
rna,T478K,0.025999838
single_vax,T478K,0.07677249
unknown,T478K,0.01753296
vax_with_bivalent,T478K,0.06511575
vax_with_rna,T478K,0.0691558
Alpha,T478Q,0.051143963
Beta,T478Q,-0.021842685
Delta,T478Q,0.020844229
Epsilon,T478Q,-0.08328782
Gamma,T478Q,0.022868834
Iota,T478Q,-0.03857714
Lambda,T478Q,-0.02974275
Mu,T478Q,0.06395076
Omicron/BA.1,T478Q,-0.0021289466
Omicron/BA.2,T478Q,0.0049708504
Omicron/BA.4+,T478Q,0.010553705
Wild Type,T478Q,-0.06130223
bivalent,T478Q,-0.0101270825
bivalent_with_rna,T478Q,-0.09688658
cocktail,T478Q,-0.0359394
double_vax,T478Q,-0.041643344
inactivated,T478Q,0.028367735
inactivated_with_rna,T478Q,-0.00792178
multiple_rna,T478Q,0.0008901274
rna,T478Q,-0.014040343
single_vax,T478Q,-0.07557484
unknown,T478Q,0.0032319806
vax_with_bivalent,T478Q,-0.041633982
vax_with_rna,T478Q,0.022110464
Alpha,T478R,-0.07478229
Beta,T478R,0.010469348
Delta,T478R,-0.10389586
Epsilon,T478R,0.046941333
Gamma,T478R,-0.13484207
Iota,T478R,0.0487898
Lambda,T478R,-0.0155363735
Mu,T478R,-0.0701711
Omicron/BA.1,T478R,-0.124487005
Omicron/BA.2,T478R,0.0020230683
Omicron/BA.4+,T478R,0.046227653
Wild Type,T478R,-0.06128048
bivalent,T478R,-0.023670832
bivalent_with_rna,T478R,-0.013957744
cocktail,T478R,-0.10658326
double_vax,T478R,0.070023
inactivated,T478R,-0.041901663
inactivated_with_rna,T478R,-0.07341696
multiple_rna,T478R,-0.039856028
rna,T478R,-0.044679686
single_vax,T478R,-0.08897698
unknown,T478R,-0.04096867
vax_with_bivalent,T478R,0.07355493
vax_with_rna,T478R,-0.11821572
Alpha,T478T,-0.16064663
Beta,T478T,0.039382942
Delta,T478T,0.00664689
Epsilon,T478T,0.0050165914
Gamma,T478T,-0.059387293
Iota,T478T,0.09559678
Lambda,T478T,0.02001749
Mu,T478T,0.09736576
Omicron/BA.1,T478T,0.015285235
Omicron/BA.2,T478T,-0.011880948
Omicron/BA.4+,T478T,-0.04067986
Wild Type,T478T,0.042621497
bivalent,T478T,0.00536819
bivalent_with_rna,T478T,-0.025104111
cocktail,T478T,0.058663476
double_vax,T478T,-0.023937752
inactivated,T478T,-0.021630568
inactivated_with_rna,T478T,0.059501104
multiple_rna,T478T,0.0022969292
rna,T478T,0.12686835
single_vax,T478T,0.054953318
unknown,T478T,0.03301628
vax_with_bivalent,T478T,0.024500571
vax_with_rna,T478T,-0.037356924
Alpha,T51V,0.09652636
Beta,T51V,-0.077095814
Delta,T51V,-0.03497758
Epsilon,T51V,-0.046036653
Gamma,T51V,-0.05005464
Iota,T51V,0.012507437
Lambda,T51V,-0.050843224
Mu,T51V,0.037715442
Omicron/BA.1,T51V,0.22042142
Omicron/BA.2,T51V,-0.017685225
Omicron/BA.4+,T51V,-0.073892206
Wild Type,T51V,0.14917912
bivalent,T51V,-0.025648957
bivalent_with_rna,T51V,-0.005064216
cocktail,T51V,0.11409633
double_vax,T51V,0.018627692
inactivated,T51V,0.07933441
inactivated_with_rna,T51V,-0.01886271
multiple_rna,T51V,0.07437049
rna,T51V,-0.015869007
single_vax,T51V,0.08117849
unknown,T51V,-0.12193316
vax_with_bivalent,T51V,-0.11061246
vax_with_rna,T51V,0.009745674
Alpha,T547K,0.085343264
Beta,T547K,0.06800104
Delta,T547K,0.07736356
Epsilon,T547K,-0.019951135
Gamma,T547K,0.0022289571
Iota,T547K,0.10006911
Lambda,T547K,-0.04648869
Mu,T547K,0.037958242
Omicron/BA.1,T547K,-0.023631843
Omicron/BA.2,T547K,-0.053903095
Omicron/BA.4+,T547K,-0.038237702
Wild Type,T547K,-0.056968406
bivalent,T547K,-0.0017104709
bivalent_with_rna,T547K,-0.013269258
cocktail,T547K,-0.005719657
double_vax,T547K,0.025395764
inactivated,T547K,-0.05469785
inactivated_with_rna,T547K,-0.10087524
multiple_rna,T547K,0.0038794712
rna,T547K,-0.0045286547
single_vax,T547K,0.03928259
unknown,T547K,-0.03645914
vax_with_bivalent,T547K,-0.015124451
vax_with_rna,T547K,0.0148506295
Alpha,T547T,-0.04666108
Beta,T547T,-0.0037706755
Delta,T547T,-0.003965205
Epsilon,T547T,-0.030444076
Gamma,T547T,0.09261263
Iota,T547T,-0.07209841
Lambda,T547T,0.05232519
Mu,T547T,0.030554134
Omicron/BA.1,T547T,0.055830315
Omicron/BA.2,T547T,0.07297109
Omicron/BA.4+,T547T,-0.094627686
Wild Type,T547T,0.036777534
bivalent,T547T,0.026371732
bivalent_with_rna,T547T,0.04232489
cocktail,T547T,0.05417323
double_vax,T547T,-0.026600191
inactivated,T547T,0.12448143
inactivated_with_rna,T547T,-0.012897284
multiple_rna,T547T,-0.044091597
rna,T547T,0.118951015
single_vax,T547T,0.0087939445
unknown,T547T,0.044533763
vax_with_bivalent,T547T,0.0415757
vax_with_rna,T547T,-0.042173672
Alpha,T572F,-0.061879605
Beta,T572F,-0.02523053
Delta,T572F,-0.030317463
Epsilon,T572F,0.015986055
Gamma,T572F,-0.027926832
Iota,T572F,-0.050168224
Lambda,T572F,0.0077648815
Mu,T572F,0.07191002
Omicron/BA.1,T572F,-0.071506836
Omicron/BA.2,T572F,-0.048512235
Omicron/BA.4+,T572F,-0.0538787
Wild Type,T572F,-0.025946975
bivalent,T572F,-0.0542661
bivalent_with_rna,T572F,-0.021797605
cocktail,T572F,0.03273627
double_vax,T572F,-0.01920199
inactivated,T572F,-0.01898754
inactivated_with_rna,T572F,-0.004653813
multiple_rna,T572F,0.088195734
rna,T572F,-0.02619243
single_vax,T572F,-0.0025493316
unknown,T572F,0.05975564
vax_with_bivalent,T572F,-0.07938889
vax_with_rna,T572F,0.057856716
Alpha,T588S,0.017955787
Beta,T588S,0.043182235
Delta,T588S,0.024107147
Epsilon,T588S,0.00080483174
Gamma,T588S,-0.096876636
Iota,T588S,0.0006210706
Lambda,T588S,-0.0010966235
Mu,T588S,-0.002758028
Omicron/BA.1,T588S,-0.07112128
Omicron/BA.2,T588S,-0.105579756
Omicron/BA.4+,T588S,0.016027344
Wild Type,T588S,-0.06355947
bivalent,T588S,0.056274693
bivalent_with_rna,T588S,-0.0059554423
cocktail,T588S,-0.029399721
double_vax,T588S,0.04563906
inactivated,T588S,0.14796601
inactivated_with_rna,T588S,0.06859249
multiple_rna,T588S,-0.004384342
rna,T588S,-0.033006977
single_vax,T588S,-0.002916906
unknown,T588S,0.076175146
vax_with_bivalent,T588S,0.00093577546
vax_with_rna,T588S,-0.05547549
Alpha,T604A,-0.013754118
Beta,T604A,0.031530637
Delta,T604A,0.04234029
Epsilon,T604A,0.08708448
Gamma,T604A,0.0094022155
Iota,T604A,-0.07887367
Lambda,T604A,0.0036245612
Mu,T604A,0.0471819
Omicron/BA.1,T604A,-0.04228847
Omicron/BA.2,T604A,-0.009008762
Omicron/BA.4+,T604A,-0.011879196
Wild Type,T604A,0.06059733
bivalent,T604A,0.001326147
bivalent_with_rna,T604A,-0.13244306
cocktail,T604A,0.040464196
double_vax,T604A,-0.014359442
inactivated,T604A,-0.053138297
inactivated_with_rna,T604A,-0.024855487
multiple_rna,T604A,-0.011465326
rna,T604A,-0.0025774147
single_vax,T604A,0.0022989474
unknown,T604A,0.1017689
vax_with_bivalent,T604A,0.0041661495
vax_with_rna,T604A,0.04120354
Alpha,T632A,0.013952821
Beta,T632A,0.017774059
Delta,T632A,0.010876879
Epsilon,T632A,-0.05767132
Gamma,T632A,0.004685756
Iota,T632A,-0.026976658
Lambda,T632A,0.115661465
Mu,T632A,-0.049760528
Omicron/BA.1,T632A,-0.08029012
Omicron/BA.2,T632A,0.07521605
Omicron/BA.4+,T632A,0.04448577
Wild Type,T632A,-0.014005991
bivalent,T632A,-0.04504107
bivalent_with_rna,T632A,-0.000606833
cocktail,T632A,-0.0065292926
double_vax,T632A,0.06806662
inactivated,T632A,0.03207627
inactivated_with_rna,T632A,-0.010651663
multiple_rna,T632A,0.03217031
rna,T632A,-0.011633621
single_vax,T632A,0.0047009047
unknown,T632A,0.046713844
vax_with_bivalent,T632A,0.06465302
vax_with_rna,T632A,0.050075
Alpha,T632S,0.06594783
Beta,T632S,-0.008660215
Delta,T632S,-0.0071973726
Epsilon,T632S,-1.4932826e-05
Gamma,T632S,-0.03670826
Iota,T632S,0.04079765
Lambda,T632S,0.027305262
Mu,T632S,0.018908951
Omicron/BA.1,T632S,-0.13136354
Omicron/BA.2,T632S,0.08924872
Omicron/BA.4+,T632S,0.0874912
Wild Type,T632S,-0.07870882
bivalent,T632S,0.060405288
bivalent_with_rna,T632S,0.034753658
cocktail,T632S,0.06176295
double_vax,T632S,-0.100737736
inactivated,T632S,-0.011907222
inactivated_with_rna,T632S,-0.062453482
multiple_rna,T632S,-0.055257056
rna,T632S,-0.041783445
single_vax,T632S,-0.077468924
unknown,T632S,0.13943754
vax_with_bivalent,T632S,0.057966765
vax_with_rna,T632S,-0.04962422
Alpha,T638A,-0.063008815
Beta,T638A,-0.041335557
Delta,T638A,-0.048664834
Epsilon,T638A,-0.13845435
Gamma,T638A,-0.04660652
Iota,T638A,0.0853447
Lambda,T638A,0.08250365
Mu,T638A,0.03441735
Omicron/BA.1,T638A,-0.05521137
Omicron/BA.2,T638A,-0.01477915
Omicron/BA.4+,T638A,-0.012896958
Wild Type,T638A,0.011903204
bivalent,T638A,-0.05680699
bivalent_with_rna,T638A,0.028437298
cocktail,T638A,0.12261303
double_vax,T638A,-0.04555601
inactivated,T638A,0.00060651544
inactivated_with_rna,T638A,-0.058494803
multiple_rna,T638A,0.047885485
rna,T638A,0.03392763
single_vax,T638A,0.0024728063
unknown,T638A,0.08474128
vax_with_bivalent,T638A,-0.045479886
vax_with_rna,T638A,-0.024092156
Alpha,T676S,-0.013160964
Beta,T676S,0.036359385
Delta,T676S,0.010019939
Epsilon,T676S,0.05266451
Gamma,T676S,-0.053820238
Iota,T676S,0.02215612
Lambda,T676S,-0.029133374
Mu,T676S,0.09677578
Omicron/BA.1,T676S,0.038369607
Omicron/BA.2,T676S,-0.11362809
Omicron/BA.4+,T676S,0.051477306
Wild Type,T676S,-0.0021158506
bivalent,T676S,-0.031931475
bivalent_with_rna,T676S,0.0034342348
cocktail,T676S,-0.05651573
double_vax,T676S,0.008063456
inactivated,T676S,-0.11137858
inactivated_with_rna,T676S,0.09878449
multiple_rna,T676S,-0.0047610803
rna,T676S,-0.08148553
single_vax,T676S,0.08795916
unknown,T676S,0.066810496
vax_with_bivalent,T676S,0.036095317
vax_with_rna,T676S,0.032580018
Alpha,T678S,0.0015672809
Beta,T678S,0.003074427
Delta,T678S,0.07762523
Epsilon,T678S,0.052753147
Gamma,T678S,0.0659401
Iota,T678S,-0.08565199
Lambda,T678S,0.017060483
Mu,T678S,-0.028645791
Omicron/BA.1,T678S,0.09173555
Omicron/BA.2,T678S,0.061189603
Omicron/BA.4+,T678S,0.17518821
Wild Type,T678S,0.061865237
bivalent,T678S,-0.007584585
bivalent_with_rna,T678S,-0.013992231
cocktail,T678S,0.08292188
double_vax,T678S,0.0019136181
inactivated,T678S,0.11366616
inactivated_with_rna,T678S,-0.0016919393
multiple_rna,T678S,-0.04123064
rna,T678S,-0.044388726
single_vax,T678S,0.019304171
unknown,T678S,-0.03413416
vax_with_bivalent,T678S,-0.05705917
vax_with_rna,T678S,0.014227312
Alpha,T716F,0.060153976
Beta,T716F,0.02996459
Delta,T716F,0.11940703
Epsilon,T716F,0.04385858
Gamma,T716F,-0.007695554
Iota,T716F,0.023602266
Lambda,T716F,0.005177584
Mu,T716F,0.05143244
Omicron/BA.1,T716F,0.06896487
Omicron/BA.2,T716F,0.10228432
Omicron/BA.4+,T716F,0.04723073
Wild Type,T716F,0.12779273
bivalent,T716F,-0.041435998
bivalent_with_rna,T716F,-0.0131770205
cocktail,T716F,0.029377831
double_vax,T716F,0.13654426
inactivated,T716F,0.11810793
inactivated_with_rna,T716F,0.06924943
multiple_rna,T716F,0.013822828
rna,T716F,0.009716831
single_vax,T716F,0.105213605
unknown,T716F,0.044881042
vax_with_bivalent,T716F,0.028436093
vax_with_rna,T716F,0.1461192
Alpha,T716I,-0.02054292
Beta,T716I,-0.13398618
Delta,T716I,0.00240472
Epsilon,T716I,-0.017532207
Gamma,T716I,0.052365266
Iota,T716I,-0.010754086
Lambda,T716I,-0.0631377
Mu,T716I,-0.15759417
Omicron/BA.1,T716I,0.00016572536
Omicron/BA.2,T716I,-0.046980325
Omicron/BA.4+,T716I,0.041762643
Wild Type,T716I,-0.02320508
bivalent,T716I,-0.09989007
bivalent_with_rna,T716I,-0.08158806
cocktail,T716I,-0.025885552
double_vax,T716I,0.016381346
inactivated,T716I,-0.02108542
inactivated_with_rna,T716I,-0.045793388
multiple_rna,T716I,0.10006513
rna,T716I,-0.04435927
single_vax,T716I,0.047616333
unknown,T716I,-0.049878646
vax_with_bivalent,T716I,0.15551554
vax_with_rna,T716I,-0.13297305
Alpha,T719S,-0.0130306715
Beta,T719S,-0.076613724
Delta,T719S,-0.010534102
Epsilon,T719S,0.08881941
Gamma,T719S,-0.036861394
Iota,T719S,-0.08843144
Lambda,T719S,0.02713782
Mu,T719S,-0.051844623
Omicron/BA.1,T719S,-0.16403358
Omicron/BA.2,T719S,-0.022497967
Omicron/BA.4+,T719S,0.046137504
Wild Type,T719S,0.11013332
bivalent,T719S,0.03860645
bivalent_with_rna,T719S,-0.029807057
cocktail,T719S,0.0071612713
double_vax,T719S,-0.017991832
inactivated,T719S,-0.05087827
inactivated_with_rna,T719S,-0.086081065
multiple_rna,T719S,-0.019001696
rna,T719S,-0.042759117
single_vax,T719S,0.02210137
unknown,T719S,0.0049433424
vax_with_bivalent,T719S,0.0167469
vax_with_rna,T719S,0.052732754
Alpha,T732A,0.057361063
Beta,T732A,-0.019573519
Delta,T732A,-0.032283563
Epsilon,T732A,0.010770911
Gamma,T732A,-0.0044930666
Iota,T732A,-0.05352539
Lambda,T732A,-0.10982794
Mu,T732A,-0.01780907
Omicron/BA.1,T732A,0.038143802
Omicron/BA.2,T732A,0.07342612
Omicron/BA.4+,T732A,0.094006486
Wild Type,T732A,-0.03029281
bivalent,T732A,0.033977225
bivalent_with_rna,T732A,0.08394398
cocktail,T732A,0.046264898
double_vax,T732A,0.0274827
inactivated,T732A,0.03643716
inactivated_with_rna,T732A,-0.13179336
multiple_rna,T732A,-0.0038806833
rna,T732A,-0.03125657
single_vax,T732A,-0.0008886438
unknown,T732A,0.08287734
vax_with_bivalent,T732A,0.052917786
vax_with_rna,T732A,-0.031027617
Alpha,T739N,-0.040023517
Beta,T739N,-0.043723457
Delta,T739N,0.0786737
Epsilon,T739N,-0.14867502
Gamma,T739N,0.040117495
Iota,T739N,0.11335606
Lambda,T739N,-0.012778412
Mu,T739N,-0.01810879
Omicron/BA.1,T739N,-0.095490254
Omicron/BA.2,T739N,0.113234386
Omicron/BA.4+,T739N,-0.00435204
Wild Type,T739N,0.09581149
bivalent,T739N,0.048917335
bivalent_with_rna,T739N,0.023218852
cocktail,T739N,0.049089383
double_vax,T739N,0.060352203
inactivated,T739N,0.017669667
inactivated_with_rna,T739N,0.047386948
multiple_rna,T739N,-0.043615833
rna,T739N,-0.042109862
single_vax,T739N,0.0079321
unknown,T739N,-0.06540216
vax_with_bivalent,T739N,0.037446845
vax_with_rna,T739N,0.09743619
Alpha,T747I,-0.036441676
Beta,T747I,-0.09801226
Delta,T747I,0.015133148
Epsilon,T747I,-0.043387566
Gamma,T747I,0.004854947
Iota,T747I,-0.07192735
Lambda,T747I,-0.044799898
Mu,T747I,-0.013346091
Omicron/BA.1,T747I,-0.056854688
Omicron/BA.2,T747I,0.00038261712
Omicron/BA.4+,T747I,-0.024999674
Wild Type,T747I,-0.08415726
bivalent,T747I,-0.016646536
bivalent_with_rna,T747I,0.034624804
cocktail,T747I,0.054384828
double_vax,T747I,-0.0024486813
inactivated,T747I,0.0379821
inactivated_with_rna,T747I,0.1095282
multiple_rna,T747I,-0.101237915
rna,T747I,-0.0105376
single_vax,T747I,-0.01740612
unknown,T747I,0.048643786
vax_with_bivalent,T747I,-0.05079941
vax_with_rna,T747I,0.032792747
Alpha,T768S,-0.035574056
Beta,T768S,0.0054861
Delta,T768S,0.05583155
Epsilon,T768S,-0.008991247
Gamma,T768S,-0.029280897
Iota,T768S,0.023911752
Lambda,T768S,0.02201771
Mu,T768S,0.08252364
Omicron/BA.1,T768S,-0.027805964
Omicron/BA.2,T768S,0.0978273
Omicron/BA.4+,T768S,-0.009076194
Wild Type,T768S,-0.004394017
bivalent,T768S,0.017498724
bivalent_with_rna,T768S,0.09107866
cocktail,T768S,0.04008094
double_vax,T768S,-0.009692204
inactivated,T768S,-0.004198535
inactivated_with_rna,T768S,-0.08658427
multiple_rna,T768S,-0.07135372
rna,T768S,-0.02958009
single_vax,T768S,0.007932009
unknown,T768S,-0.015736844
vax_with_bivalent,T768S,0.07619583
vax_with_rna,T768S,-0.0026710406
Alpha,T76I,0.022232596
Beta,T76I,0.057589516
Delta,T76I,-0.0733644
Epsilon,T76I,0.0041613346
Gamma,T76I,0.04775825
Iota,T76I,-0.010201201
Lambda,T76I,0.0110141
Mu,T76I,0.04916783
Omicron/BA.1,T76I,0.085816234
Omicron/BA.2,T76I,0.02091885
Omicron/BA.4+,T76I,-0.04388582
Wild Type,T76I,-0.051538102
bivalent,T76I,-0.0003423253
bivalent_with_rna,T76I,0.0027751934
cocktail,T76I,0.03856262
double_vax,T76I,0.04985295
inactivated,T76I,-0.018753422
inactivated_with_rna,T76I,-0.1310484
multiple_rna,T76I,0.05730032
rna,T76I,-0.053747766
single_vax,T76I,-0.02011631
unknown,T76I,0.040759444
vax_with_bivalent,T76I,0.09188129
vax_with_rna,T76I,-0.09998337
Alpha,T859N,0.027479699
Beta,T859N,0.041083977
Delta,T859N,-0.0592768
Epsilon,T859N,0.036025293
Gamma,T859N,0.06634742
Iota,T859N,-0.06780163
Lambda,T859N,-0.0880695
Mu,T859N,-0.04914941
Omicron/BA.1,T859N,-0.032325022
Omicron/BA.2,T859N,-0.053461492
Omicron/BA.4+,T859N,-0.12039109
Wild Type,T859N,0.04975053
bivalent,T859N,-0.07882647
bivalent_with_rna,T859N,-0.039803617
cocktail,T859N,-0.05978153
double_vax,T859N,-0.018909488
inactivated,T859N,-0.095303595
inactivated_with_rna,T859N,-0.085991666
multiple_rna,T859N,-0.01626044
rna,T859N,0.010656614
single_vax,T859N,-0.044104725
unknown,T859N,0.009493604
vax_with_bivalent,T859N,0.047740728
vax_with_rna,T859N,0.031081859
Alpha,T95I,-0.07230895
Beta,T95I,-0.040401153
Delta,T95I,-0.037498143
Epsilon,T95I,0.056077596
Gamma,T95I,-0.050097782
Iota,T95I,-0.053401988
Lambda,T95I,0.0047242995
Mu,T95I,-0.1279052
Omicron/BA.1,T95I,-0.058993846
Omicron/BA.2,T95I,0.11581211
Omicron/BA.4+,T95I,-0.046902392
Wild Type,T95I,0.12480654
bivalent,T95I,0.106245026
bivalent_with_rna,T95I,0.012526913
cocktail,T95I,-0.0074741836
double_vax,T95I,0.03901461
inactivated,T95I,0.08369961
inactivated_with_rna,T95I,-0.01840358
multiple_rna,T95I,0.11828775
rna,T95I,0.105073646
single_vax,T95I,0.081676975
unknown,T95I,-0.061501563
vax_with_bivalent,T95I,-0.0054674144
vax_with_rna,T95I,0.044255994
Alpha,V1104I,-0.09384756
Beta,V1104I,-0.056102913
Delta,V1104I,0.20507134
Epsilon,V1104I,-0.03232882
Gamma,V1104I,0.089644276
Iota,V1104I,0.015351359
Lambda,V1104I,-0.12919965
Mu,V1104I,-0.059142075
Omicron/BA.1,V1104I,-0.06341423
Omicron/BA.2,V1104I,0.07717696
Omicron/BA.4+,V1104I,0.07818647
Wild Type,V1104I,-0.05186829
bivalent,V1104I,-0.09757335
bivalent_with_rna,V1104I,0.028836738
cocktail,V1104I,-0.096235394
double_vax,V1104I,-0.046559192
inactivated,V1104I,0.009448461
inactivated_with_rna,V1104I,-0.016587012
multiple_rna,V1104I,0.028790418
rna,V1104I,-0.011286708
single_vax,V1104I,0.016890436
unknown,V1104I,-0.043568626
vax_with_bivalent,V1104I,-0.050639525
vax_with_rna,V1104I,-0.0137303
Alpha,V1133I,0.006233439
Beta,V1133I,0.032245457
Delta,V1133I,-0.062826015
Epsilon,V1133I,0.04243937
Gamma,V1133I,0.07561231
Iota,V1133I,0.04251691
Lambda,V1133I,0.043372273
Mu,V1133I,0.041392356
Omicron/BA.1,V1133I,-0.0017131434
Omicron/BA.2,V1133I,0.03047536
Omicron/BA.4+,V1133I,0.035253555
Wild Type,V1133I,-0.11602698
bivalent,V1133I,0.056461766
bivalent_with_rna,V1133I,0.0054741907
cocktail,V1133I,-0.08856347
double_vax,V1133I,0.017569702
inactivated,V1133I,0.01286459
inactivated_with_rna,V1133I,-0.009260118
multiple_rna,V1133I,0.011908838
rna,V1133I,-0.022029739
single_vax,V1133I,0.010925778
unknown,V1133I,0.0015172595
vax_with_bivalent,V1133I,0.045353018
vax_with_rna,V1133I,0.024387863
Alpha,V1176F,-0.010310919
Beta,V1176F,-0.06544975
Delta,V1176F,-0.016308801
Epsilon,V1176F,-0.05547494
Gamma,V1176F,-0.12360905
Iota,V1176F,0.030590836
Lambda,V1176F,-0.036656983
Mu,V1176F,0.024791714
Omicron/BA.1,V1176F,0.022148477
Omicron/BA.2,V1176F,0.039174963
Omicron/BA.4+,V1176F,-0.006418612
Wild Type,V1176F,-0.03599908
bivalent,V1176F,-0.033072192
bivalent_with_rna,V1176F,-0.07838344
cocktail,V1176F,0.07577769
double_vax,V1176F,0.075694
inactivated,V1176F,0.024419494
inactivated_with_rna,V1176F,0.023325969
multiple_rna,V1176F,0.06312453
rna,V1176F,-0.05130301
single_vax,V1176F,-0.012506707
unknown,V1176F,0.07413468
vax_with_bivalent,V1176F,-0.06873126
vax_with_rna,V1176F,-0.08191167
Alpha,V11T,-0.06107372
Beta,V11T,-0.06903534
Delta,V11T,0.029976282
Epsilon,V11T,-0.030544449
Gamma,V11T,0.06782667
Iota,V11T,-0.065464176
Lambda,V11T,-0.066050276
Mu,V11T,0.09983828
Omicron/BA.1,V11T,-0.046452492
Omicron/BA.2,V11T,-0.0074558244
Omicron/BA.4+,V11T,-0.008874351
Wild Type,V11T,0.038094252
bivalent,V11T,-0.066989206
bivalent_with_rna,V11T,-0.012079466
cocktail,V11T,-0.051787492
double_vax,V11T,0.0123426765
inactivated,V11T,-0.025341308
inactivated_with_rna,V11T,0.1165258
multiple_rna,V11T,0.03282299
rna,V11T,-0.024298707
single_vax,V11T,0.030185394
unknown,V11T,0.013273438
vax_with_bivalent,V11T,0.002043624
vax_with_rna,V11T,-0.02657146
Alpha,V120I,0.03652172
Beta,V120I,-0.11969099
Delta,V120I,0.028145786
Epsilon,V120I,-0.03496409
Gamma,V120I,-0.07545585
Iota,V120I,0.0598238
Lambda,V120I,-0.05150082
Mu,V120I,0.0583576
Omicron/BA.1,V120I,-0.073172055
Omicron/BA.2,V120I,0.04599104
Omicron/BA.4+,V120I,-0.001466346
Wild Type,V120I,0.105187535
bivalent,V120I,-0.020132322
bivalent_with_rna,V120I,-0.018151972
cocktail,V120I,-0.002916779
double_vax,V120I,0.025573095
inactivated,V120I,0.11848269
inactivated_with_rna,V120I,0.09889004
multiple_rna,V120I,0.018843148
rna,V120I,-0.0142610185
single_vax,V120I,0.011170255
unknown,V120I,-0.115598656
vax_with_bivalent,V120I,0.0696616
vax_with_rna,V120I,-0.07494823
Alpha,V120M,0.037839293
Beta,V120M,-0.044090986
Delta,V120M,0.018425759
Epsilon,V120M,-0.002066366
Gamma,V120M,-0.0034064644
Iota,V120M,-0.043241553
Lambda,V120M,0.039340895
Mu,V120M,-0.025133694
Omicron/BA.1,V120M,0.08581564
Omicron/BA.2,V120M,-0.05821237
Omicron/BA.4+,V120M,-0.058846027
Wild Type,V120M,-0.0553753
bivalent,V120M,0.04329541
bivalent_with_rna,V120M,-0.048986763
cocktail,V120M,-0.0014030486
double_vax,V120M,0.03008405
inactivated,V120M,0.06949456
inactivated_with_rna,V120M,-0.044433378
multiple_rna,V120M,0.012722239
rna,V120M,-0.09249193
single_vax,V120M,0.012866233
unknown,V120M,-0.01783773
vax_with_bivalent,V120M,-0.011283501
vax_with_rna,V120M,0.040448084
Alpha,V1228I,0.025472531
Beta,V1228I,-0.00024404551
Delta,V1228I,0.01581801
Epsilon,V1228I,0.0750965
Gamma,V1228I,0.01135879
Iota,V1228I,0.03577952
Lambda,V1228I,0.025570206
Mu,V1228I,0.020061646
Omicron/BA.1,V1228I,0.005500119
Omicron/BA.2,V1228I,0.105449654
Omicron/BA.4+,V1228I,-0.017935382
Wild Type,V1228I,-0.012415107
bivalent,V1228I,-0.03251656
bivalent_with_rna,V1228I,-0.02148429
cocktail,V1228I,0.08312756
double_vax,V1228I,-0.052578896
inactivated,V1228I,0.043793738
inactivated_with_rna,V1228I,0.05937771
multiple_rna,V1228I,0.020881914
rna,V1228I,-0.031827927
single_vax,V1228I,-0.015024069
unknown,V1228I,-0.014963107
vax_with_bivalent,V1228I,-0.059883773
vax_with_rna,V1228I,-0.030369112
Alpha,V126L,-0.029054131
Beta,V126L,0.0052884724
Delta,V126L,0.07787895
Epsilon,V126L,0.015615617
Gamma,V126L,0.020148154
Iota,V126L,0.110771194
Lambda,V126L,-0.05551622
Mu,V126L,-0.013188974
Omicron/BA.1,V126L,0.047497846
Omicron/BA.2,V126L,-0.07875758
Omicron/BA.4+,V126L,-0.10232816
Wild Type,V126L,0.10272032
bivalent,V126L,0.13113226
bivalent_with_rna,V126L,-0.048107922
cocktail,V126L,-0.009822285
double_vax,V126L,-0.033082835
inactivated,V126L,-0.05243897
inactivated_with_rna,V126L,0.015323276
multiple_rna,V126L,-0.052965987
rna,V126L,-0.118610084
single_vax,V126L,0.01664779
unknown,V126L,0.07232426
vax_with_bivalent,V126L,-0.044235434
vax_with_rna,V126L,-0.04203745
Alpha,V127I,-0.15370524
Beta,V127I,-0.013171132
Delta,V127I,-0.009855183
Epsilon,V127I,0.0629114
Gamma,V127I,0.010515703
Iota,V127I,-0.021037214
Lambda,V127I,0.034892656
Mu,V127I,0.10239779
Omicron/BA.1,V127I,0.007484247
Omicron/BA.2,V127I,-0.08521617
Omicron/BA.4+,V127I,-0.087684
Wild Type,V127I,-0.01495851
bivalent,V127I,-0.0027862587
bivalent_with_rna,V127I,-0.118895255
cocktail,V127I,-0.008788527
double_vax,V127I,0.106817655
inactivated,V127I,-0.014141491
inactivated_with_rna,V127I,0.014014591
multiple_rna,V127I,0.08399704
rna,V127I,0.072822645
single_vax,V127I,0.0014425144
unknown,V127I,0.086271286
vax_with_bivalent,V127I,-0.023720562
vax_with_rna,V127I,-0.07749289
Alpha,V130A,-0.027198803
Beta,V130A,-0.070361964
Delta,V130A,0.0070934817
Epsilon,V130A,-0.01677776
Gamma,V130A,0.0612837
Iota,V130A,0.017514974
Lambda,V130A,-0.058701485
Mu,V130A,-0.0115595665
Omicron/BA.1,V130A,0.024707064
Omicron/BA.2,V130A,-0.1222394
Omicron/BA.4+,V130A,-0.10244277
Wild Type,V130A,-0.028515475
bivalent,V130A,-0.026890745
bivalent_with_rna,V130A,0.054654405
cocktail,V130A,-0.017660368
double_vax,V130A,-0.03409226
inactivated,V130A,-0.08642262
inactivated_with_rna,V130A,-0.021173684
multiple_rna,V130A,0.0010844397
rna,V130A,-0.015377388
single_vax,V130A,0.029763374
unknown,V130A,-0.013432042
vax_with_bivalent,V130A,-0.041709978
vax_with_rna,V130A,-0.007421339
Alpha,V143G,0.03784704
Beta,V143G,-0.0014031595
Delta,V143G,-0.19153024
Epsilon,V143G,-0.086263925
Gamma,V143G,0.08569749
Iota,V143G,0.10476314
Lambda,V143G,0.02002184
Mu,V143G,-0.03821632
Omicron/BA.1,V143G,-0.025177345
Omicron/BA.2,V143G,-0.04444825
Omicron/BA.4+,V143G,-0.021419741
Wild Type,V143G,0.052045614
bivalent,V143G,0.0794237
bivalent_with_rna,V143G,-0.059105597
cocktail,V143G,0.0043213353
double_vax,V143G,-0.036189016
inactivated,V143G,-0.07858058
inactivated_with_rna,V143G,-0.101823464
multiple_rna,V143G,0.04096745
rna,V143G,-0.06310864
single_vax,V143G,-0.051544793
unknown,V143G,0.11870664
vax_with_bivalent,V143G,0.031347416
vax_with_rna,V143G,0.020319292
Alpha,V143ins,0.022668693
Beta,V143ins,0.080826126
Delta,V143ins,-0.08804315
Epsilon,V143ins,-0.024009353
Gamma,V143ins,0.05819921
Iota,V143ins,-0.00038447045
Lambda,V143ins,-0.022013346
Mu,V143ins,-0.014744876
Omicron/BA.1,V143ins,0.00039205514
Omicron/BA.2,V143ins,-0.034326438
Omicron/BA.4+,V143ins,0.0052240314
Wild Type,V143ins,0.03328135
bivalent,V143ins,-0.025815742
bivalent_with_rna,V143ins,0.1142735
cocktail,V143ins,-0.0015255788
double_vax,V143ins,-0.16955467
inactivated,V143ins,0.0008188328
inactivated_with_rna,V143ins,-0.06358254
multiple_rna,V143ins,-0.063039474
rna,V143ins,-0.0026585762
single_vax,V143ins,0.020815507
unknown,V143ins,0.032890268
vax_with_bivalent,V143ins,0.008820536
vax_with_rna,V143ins,0.015024006
Alpha,V159I,-0.005755342
Beta,V159I,0.023240615
Delta,V159I,0.05882429
Epsilon,V159I,0.14343783
Gamma,V159I,-0.03943555
Iota,V159I,-0.036291406
Lambda,V159I,0.06198355
Mu,V159I,-0.014212014
Omicron/BA.1,V159I,-0.053846862
Omicron/BA.2,V159I,0.0057789544
Omicron/BA.4+,V159I,0.04309275
Wild Type,V159I,0.002732697
bivalent,V159I,-0.0703073
bivalent_with_rna,V159I,0.012995047
cocktail,V159I,0.056293067
double_vax,V159I,-0.047263518
inactivated,V159I,-0.04338183
inactivated_with_rna,V159I,0.0053204624
multiple_rna,V159I,0.23041561
rna,V159I,-0.038470555
single_vax,V159I,-0.0050684325
unknown,V159I,0.03205123
vax_with_bivalent,V159I,-0.051100124
vax_with_rna,V159I,-0.01319656
Alpha,V16D,-0.055804946
Beta,V16D,0.10679679
Delta,V16D,-0.0023209515
Epsilon,V16D,-0.030963406
Gamma,V16D,-0.01644817
Iota,V16D,-0.0019173753
Lambda,V16D,0.116478406
Mu,V16D,0.04425887
Omicron/BA.1,V16D,-0.030932825
Omicron/BA.2,V16D,0.003850624
Omicron/BA.4+,V16D,-0.030467344
Wild Type,V16D,-0.058410604
bivalent,V16D,0.0033153454
bivalent_with_rna,V16D,0.008700548
cocktail,V16D,-0.064829536
double_vax,V16D,0.029813578
inactivated,V16D,-0.098130725
inactivated_with_rna,V16D,-0.051860888
multiple_rna,V16D,0.120535634
rna,V16D,-0.019873906
single_vax,V16D,0.021762066
unknown,V16D,-0.03025781
vax_with_bivalent,V16D,0.16891575
vax_with_rna,V16D,0.005327219
Alpha,V16E,0.06362825
Beta,V16E,-0.0069402345
Delta,V16E,0.074513346
Epsilon,V16E,-0.07710905
Gamma,V16E,0.028004754
Iota,V16E,-0.005642644
Lambda,V16E,0.028109245
Mu,V16E,-0.0042939656
Omicron/BA.1,V16E,0.021637013
Omicron/BA.2,V16E,-0.033372585
Omicron/BA.4+,V16E,0.011451697
Wild Type,V16E,0.037554167
bivalent,V16E,0.008895877
bivalent_with_rna,V16E,-0.008332424
cocktail,V16E,0.099069476
double_vax,V16E,0.0068573626
inactivated,V16E,-0.019613922
inactivated_with_rna,V16E,-0.021335805
multiple_rna,V16E,0.03197603
rna,V16E,-0.046246678
single_vax,V16E,-0.06397478
unknown,V16E,0.008132274
vax_with_bivalent,V16E,0.014332978
vax_with_rna,V16E,0.048134077
Alpha,V171I,0.03802017
Beta,V171I,0.03156246
Delta,V171I,0.0059442483
Epsilon,V171I,0.08453941
Gamma,V171I,0.029627359
Iota,V171I,-0.008249623
Lambda,V171I,-0.13005175
Mu,V171I,0.012938113
Omicron/BA.1,V171I,0.10018037
Omicron/BA.2,V171I,0.110817574
Omicron/BA.4+,V171I,-0.07870199
Wild Type,V171I,0.044387706
bivalent,V171I,0.048181437
bivalent_with_rna,V171I,-0.0811592
cocktail,V171I,-0.071242705
double_vax,V171I,-0.084696405
inactivated,V171I,0.017955313
inactivated_with_rna,V171I,-0.0476143
multiple_rna,V171I,-0.08492817
rna,V171I,-0.028090458
single_vax,V171I,0.010739106
unknown,V171I,0.088159636
vax_with_bivalent,V171I,0.02300942
vax_with_rna,V171I,-0.053102333
Alpha,V213A,0.07338634
Beta,V213A,-0.009238329
Delta,V213A,0.028653525
Epsilon,V213A,-0.08727412
Gamma,V213A,0.030123753
Iota,V213A,0.062486514
Lambda,V213A,0.026773697
Mu,V213A,-0.050126906
Omicron/BA.1,V213A,0.040831618
Omicron/BA.2,V213A,0.043401074
Omicron/BA.4+,V213A,0.02304193
Wild Type,V213A,-0.073458165
bivalent,V213A,0.013512435
bivalent_with_rna,V213A,-0.08047423
cocktail,V213A,-0.022815313
double_vax,V213A,-0.027261687
inactivated,V213A,0.051951192
inactivated_with_rna,V213A,0.05933698
multiple_rna,V213A,0.12635751
rna,V213A,-0.08200838
single_vax,V213A,-0.079724684
unknown,V213A,-0.007460633
vax_with_bivalent,V213A,0.019711988
vax_with_rna,V213A,0.028473761
Alpha,V213E,-0.035356954
Beta,V213E,0.048443638
Delta,V213E,0.0026338045
Epsilon,V213E,0.04367321
Gamma,V213E,-0.021801714
Iota,V213E,-0.033856526
Lambda,V213E,0.06956977
Mu,V213E,0.01733756
Omicron/BA.1,V213E,0.013766721
Omicron/BA.2,V213E,0.013994271
Omicron/BA.4+,V213E,-0.034231044
Wild Type,V213E,-0.0031286702
bivalent,V213E,-0.03393099
bivalent_with_rna,V213E,-0.008731251
cocktail,V213E,-0.021937886
double_vax,V213E,-0.009989735
inactivated,V213E,0.09695973
inactivated_with_rna,V213E,0.05032851
multiple_rna,V213E,0.015933067
rna,V213E,0.002108653
single_vax,V213E,-0.007948764
unknown,V213E,-0.00051842723
vax_with_bivalent,V213E,0.057439305
vax_with_rna,V213E,0.002801631
Alpha,V213G,0.021848708
Beta,V213G,-0.0019466011
Delta,V213G,0.013127259
Epsilon,V213G,0.030231139
Gamma,V213G,0.007945457
Iota,V213G,-0.055807818
Lambda,V213G,0.011111964
Mu,V213G,-0.07590316
Omicron/BA.1,V213G,-0.035803434
Omicron/BA.2,V213G,-0.061685532
Omicron/BA.4+,V213G,-0.01389483
Wild Type,V213G,-0.052207164
bivalent,V213G,-0.025127307
bivalent_with_rna,V213G,0.015647965
cocktail,V213G,-0.018922003
double_vax,V213G,0.0042259516
inactivated,V213G,-0.020144075
inactivated_with_rna,V213G,-0.05407289
multiple_rna,V213G,0.01706635
rna,V213G,0.0050703874
single_vax,V213G,0.03479928
unknown,V213G,-0.022191608
vax_with_bivalent,V213G,0.004762562
vax_with_rna,V213G,-0.014449356
Alpha,V213N,0.04105243
Beta,V213N,0.0021647597
Delta,V213N,0.022809397
Epsilon,V213N,-0.15807778
Gamma,V213N,0.022980884
Iota,V213N,0.041537933
Lambda,V213N,-0.06634041
Mu,V213N,0.09195188
Omicron/BA.1,V213N,0.024319755
Omicron/BA.2,V213N,-0.046860177
Omicron/BA.4+,V213N,-0.022756044
Wild Type,V213N,-0.0076964307
bivalent,V213N,0.018256236
bivalent_with_rna,V213N,-0.055375256
cocktail,V213N,0.034841314
double_vax,V213N,-0.002801951
inactivated,V213N,-0.026949842
inactivated_with_rna,V213N,0.022315932
multiple_rna,V213N,0.078108504
rna,V213N,0.01620585
single_vax,V213N,-0.008101644
unknown,V213N,-0.08464169
vax_with_bivalent,V213N,-0.019191341
vax_with_rna,V213N,0.03599035
Alpha,V213V,-0.05880523
Beta,V213V,0.010660728
Delta,V213V,0.113769114
Epsilon,V213V,-0.054693878
Gamma,V213V,-0.019807331
Iota,V213V,-0.09024693
Lambda,V213V,-0.19097787
Mu,V213V,-0.03982092
Omicron/BA.1,V213V,-0.04003149
Omicron/BA.2,V213V,-0.009860586
Omicron/BA.4+,V213V,0.15211897
Wild Type,V213V,0.038216952
bivalent,V213V,-0.054373026
bivalent_with_rna,V213V,-0.0003234623
cocktail,V213V,0.084339246
double_vax,V213V,-0.00094507745
inactivated,V213V,0.055342723
inactivated_with_rna,V213V,0.05933232
multiple_rna,V213V,0.077775426
rna,V213V,0.1352206
single_vax,V213V,0.017013757
unknown,V213V,-0.05202254
vax_with_bivalent,V213V,-0.06204635
vax_with_rna,V213V,0.15831774
Alpha,V227F,-0.095061004
Beta,V227F,0.0478402
Delta,V227F,-0.027720505
Epsilon,V227F,-0.030489944
Gamma,V227F,0.054047674
Iota,V227F,-0.051456593
Lambda,V227F,-0.06427962
Mu,V227F,0.020957362
Omicron/BA.1,V227F,0.058298565
Omicron/BA.2,V227F,-0.06752978
Omicron/BA.4+,V227F,0.022817511
Wild Type,V227F,-0.022038825
bivalent,V227F,0.013037609
bivalent_with_rna,V227F,0.040428128
cocktail,V227F,0.10140606
double_vax,V227F,-0.03482537
inactivated,V227F,0.046834625
inactivated_with_rna,V227F,-0.11216858
multiple_rna,V227F,0.044800617
rna,V227F,-0.06173735
single_vax,V227F,0.028631512
unknown,V227F,0.03367823
vax_with_bivalent,V227F,0.03639147
vax_with_rna,V227F,0.020862848
Alpha,V308I,-0.041753348
Beta,V308I,0.017651347
Delta,V308I,-0.020808892
Epsilon,V308I,-0.0152271055
Gamma,V308I,-0.0658906
Iota,V308I,-0.037820324
Lambda,V308I,-0.0044453237
Mu,V308I,0.006724283
Omicron/BA.1,V308I,-0.06176289
Omicron/BA.2,V308I,-0.018359812
Omicron/BA.4+,V308I,-0.0045528854
Wild Type,V308I,-0.053339966
bivalent,V308I,0.1360599
bivalent_with_rna,V308I,0.028090999
cocktail,V308I,-0.013408953
double_vax,V308I,0.05853322
inactivated,V308I,0.08494062
inactivated_with_rna,V308I,-0.076182164
multiple_rna,V308I,-0.025551602
rna,V308I,-0.019783208
single_vax,V308I,-0.0023877313
unknown,V308I,-0.04305648
vax_with_bivalent,V308I,0.019314395
vax_with_rna,V308I,-0.055662066
Alpha,V382L,0.009905117
Beta,V382L,-0.09030338
Delta,V382L,-0.10912929
Epsilon,V382L,-0.015896872
Gamma,V382L,0.041106764
Iota,V382L,0.117185935
Lambda,V382L,0.07228006
Mu,V382L,-0.10760893
Omicron/BA.1,V382L,-0.0025690272
Omicron/BA.2,V382L,-0.008904599
Omicron/BA.4+,V382L,0.022877883
Wild Type,V382L,0.03249476
bivalent,V382L,-0.05748134
bivalent_with_rna,V382L,-0.101882756
cocktail,V382L,0.1218234
double_vax,V382L,0.013132855
inactivated,V382L,0.0008384008
inactivated_with_rna,V382L,0.035529952
multiple_rna,V382L,0.07325657
rna,V382L,0.040928766
single_vax,V382L,-0.07700367
unknown,V382L,0.1335582
vax_with_bivalent,V382L,0.101514086
vax_with_rna,V382L,0.019315284
Alpha,V3I,0.06960696
Beta,V3I,-0.026351247
Delta,V3I,-0.018218484
Epsilon,V3I,0.026208956
Gamma,V3I,0.054052886
Iota,V3I,0.035445772
Lambda,V3I,0.044839337
Mu,V3I,-0.20071168
Omicron/BA.1,V3I,0.050912723
Omicron/BA.2,V3I,0.11430563
Omicron/BA.4+,V3I,-0.035734072
Wild Type,V3I,0.06702272
bivalent,V3I,0.17142862
bivalent_with_rna,V3I,0.020038212
cocktail,V3I,-0.05037289
double_vax,V3I,-0.0041252896
inactivated,V3I,-0.045391794
inactivated_with_rna,V3I,0.10325672
multiple_rna,V3I,-0.094556615
rna,V3I,-0.0452111
single_vax,V3I,0.021970008
unknown,V3I,0.04902203
vax_with_bivalent,V3I,-0.14111814
vax_with_rna,V3I,-0.024218444
Alpha,V3L,-0.0006781863
Beta,V3L,-0.009781199
Delta,V3L,-0.04040283
Epsilon,V3L,-0.020979352
Gamma,V3L,0.10952318
Iota,V3L,-0.011481658
Lambda,V3L,-0.09852888
Mu,V3L,0.020441584
Omicron/BA.1,V3L,0.16137373
Omicron/BA.2,V3L,-0.00026457477
Omicron/BA.4+,V3L,-0.0694713
Wild Type,V3L,0.021050883
bivalent,V3L,-0.09082322
bivalent_with_rna,V3L,0.036443494
cocktail,V3L,0.02292233
double_vax,V3L,0.07711326
inactivated,V3L,-0.05527706
inactivated_with_rna,V3L,-0.07732919
multiple_rna,V3L,0.04649268
rna,V3L,-0.105273455
single_vax,V3L,0.026283208
unknown,V3L,0.04323314
vax_with_bivalent,V3L,-0.0033206902
vax_with_rna,V3L,-0.015753543
Alpha,V42I,0.008038226
Beta,V42I,0.045564897
Delta,V42I,0.07591983
Epsilon,V42I,-0.023499079
Gamma,V42I,-0.018816737
Iota,V42I,0.061925717
Lambda,V42I,-0.0012959912
Mu,V42I,-0.045303423
Omicron/BA.1,V42I,0.015470728
Omicron/BA.2,V42I,0.02215026
Omicron/BA.4+,V42I,0.03675085
Wild Type,V42I,0.095671654
bivalent,V42I,-0.039727524
bivalent_with_rna,V42I,-0.019531116
cocktail,V42I,-0.044296972
double_vax,V42I,0.004841384
inactivated,V42I,0.029069142
inactivated_with_rna,V42I,-0.04380441
multiple_rna,V42I,0.025962934
rna,V42I,-0.013467088
single_vax,V42I,-0.023423469
unknown,V42I,0.036822263
vax_with_bivalent,V42I,-0.026977956
vax_with_rna,V42I,0.06609404
Alpha,V445A,-0.11839018
Beta,V445A,0.050586157
Delta,V445A,-0.0025742692
Epsilon,V445A,0.02391468
Gamma,V445A,0.10899611
Iota,V445A,0.020719025
Lambda,V445A,0.030450758
Mu,V445A,0.031439185
Omicron/BA.1,V445A,-0.003087419
Omicron/BA.2,V445A,0.03760254
Omicron/BA.4+,V445A,0.1833018
Wild Type,V445A,-0.08973427
bivalent,V445A,-0.05742397
bivalent_with_rna,V445A,-0.052089214
cocktail,V445A,0.040115327
double_vax,V445A,-0.02278184
inactivated,V445A,0.027321061
inactivated_with_rna,V445A,-0.024302807
multiple_rna,V445A,-0.038594563
rna,V445A,-0.11159722
single_vax,V445A,0.038736943
unknown,V445A,0.0104992725
vax_with_bivalent,V445A,0.015582444
vax_with_rna,V445A,-0.10450656
Alpha,V445H,0.01110334
Beta,V445H,0.025321366
Delta,V445H,0.008698517
Epsilon,V445H,-0.17317712
Gamma,V445H,-0.0042253346
Iota,V445H,0.06384802
Lambda,V445H,0.009576895
Mu,V445H,0.11169447
Omicron/BA.1,V445H,-0.11088164
Omicron/BA.2,V445H,0.095421396
Omicron/BA.4+,V445H,-0.08900532
Wild Type,V445H,-0.015436096
bivalent,V445H,0.18888032
bivalent_with_rna,V445H,-0.028538436
cocktail,V445H,0.007583808
double_vax,V445H,-0.12382066
inactivated,V445H,0.11228368
inactivated_with_rna,V445H,0.041323658
multiple_rna,V445H,0.02592579
rna,V445H,-0.03536569
single_vax,V445H,-0.009811747
unknown,V445H,-0.018985158
vax_with_bivalent,V445H,-0.0735106
vax_with_rna,V445H,-0.022417923
Alpha,V445P,-0.06295685
Beta,V445P,0.0016640865
Delta,V445P,0.034746706
Epsilon,V445P,-0.0056250133
Gamma,V445P,-0.033218887
Iota,V445P,-0.0054452345
Lambda,V445P,-0.021655543
Mu,V445P,0.006833082
Omicron/BA.1,V445P,0.020369163
Omicron/BA.2,V445P,0.053822104
Omicron/BA.4+,V445P,0.03213483
Wild Type,V445P,-0.07092967
bivalent,V445P,-0.04724267
bivalent_with_rna,V445P,-0.029177962
cocktail,V445P,-0.10037519
double_vax,V445P,0.071464084
inactivated,V445P,-0.053519286
inactivated_with_rna,V445P,0.0033548847
multiple_rna,V445P,0.065119505
rna,V445P,0.008979695
single_vax,V445P,-0.0062763216
unknown,V445P,0.01829445
vax_with_bivalent,V445P,-0.047009334
vax_with_rna,V445P,-0.0028052842
Alpha,V445Q,-0.011174005
Beta,V445Q,0.07853064
Delta,V445Q,-0.031957384
Epsilon,V445Q,0.039084837
Gamma,V445Q,-0.0009569591
Iota,V445Q,0.0057171993
Lambda,V445Q,-0.04204734
Mu,V445Q,0.04514644
Omicron/BA.1,V445Q,-0.0638229
Omicron/BA.2,V445Q,-0.0025483454
Omicron/BA.4+,V445Q,-0.01763432
Wild Type,V445Q,0.0042915973
bivalent,V445Q,0.0046363324
bivalent_with_rna,V445Q,0.094899245
cocktail,V445Q,0.039591413
double_vax,V445Q,0.07196762
inactivated,V445Q,-0.031029738
inactivated_with_rna,V445Q,0.027751777
multiple_rna,V445Q,0.064013086
rna,V445Q,-0.067115895
single_vax,V445Q,-0.087083966
unknown,V445Q,0.016301535
vax_with_bivalent,V445Q,-0.08049781
vax_with_rna,V445Q,0.033357438
Alpha,V445S,-0.054467272
Beta,V445S,0.11995863
Delta,V445S,0.008686487
Epsilon,V445S,0.0015305537
Gamma,V445S,-0.02109567
Iota,V445S,-0.027777119
Lambda,V445S,-0.013114939
Mu,V445S,-0.085774764
Omicron/BA.1,V445S,-0.031002423
Omicron/BA.2,V445S,0.01173714
Omicron/BA.4+,V445S,0.08212071
Wild Type,V445S,0.029966587
bivalent,V445S,0.06991575
bivalent_with_rna,V445S,0.032539185
cocktail,V445S,-0.048059046
double_vax,V445S,-0.02998379
inactivated,V445S,0.07340563
inactivated_with_rna,V445S,-0.011079202
multiple_rna,V445S,0.03481755
rna,V445S,-0.0638717
single_vax,V445S,0.005312543
unknown,V445S,-0.021561867
vax_with_bivalent,V445S,0.05646431
vax_with_rna,V445S,0.007693719
Alpha,V445T,-0.06514486
Beta,V445T,0.08482451
Delta,V445T,0.0037670685
Epsilon,V445T,-0.042507242
Gamma,V445T,-0.027805626
Iota,V445T,-0.03632037
Lambda,V445T,0.11352307
Mu,V445T,-0.056922413
Omicron/BA.1,V445T,-0.042855863
Omicron/BA.2,V445T,-0.0039751297
Omicron/BA.4+,V445T,-0.03765507
Wild Type,V445T,-0.0004642082
bivalent,V445T,0.07791087
bivalent_with_rna,V445T,0.022103518
cocktail,V445T,-0.082624935
double_vax,V445T,0.055316016
inactivated,V445T,0.015069913
inactivated_with_rna,V445T,0.051731247
multiple_rna,V445T,-0.07964331
rna,V445T,-0.018597536
single_vax,V445T,-0.003842014
unknown,V445T,0.036347516
vax_with_bivalent,V445T,-0.039464485
vax_with_rna,V445T,0.04697008
Alpha,V47I,0.04865351
Beta,V47I,-0.034148067
Delta,V47I,0.11702504
Epsilon,V47I,-0.014014216
Gamma,V47I,-0.027425034
Iota,V47I,0.022849798
Lambda,V47I,0.008870003
Mu,V47I,-0.0045960844
Omicron/BA.1,V47I,-0.02573845
Omicron/BA.2,V47I,0.009756692
Omicron/BA.4+,V47I,0.08852425
Wild Type,V47I,-0.030286252
bivalent,V47I,0.01881612
bivalent_with_rna,V47I,0.069538295
cocktail,V47I,0.01970764
double_vax,V47I,-0.005529817
inactivated,V47I,-0.13203415
inactivated_with_rna,V47I,0.05121635
multiple_rna,V47I,-0.15744385
rna,V47I,0.02807976
single_vax,V47I,0.017863546
unknown,V47I,0.040543042
vax_with_bivalent,V47I,0.02089516
vax_with_rna,V47I,-0.059355687
Alpha,V47T,-0.025740229
Beta,V47T,-0.024112066
Delta,V47T,-0.002892525
Epsilon,V47T,-0.10930221
Gamma,V47T,0.02140166
Iota,V47T,-0.04076945
Lambda,V47T,0.037250098
Mu,V47T,0.032113466
Omicron/BA.1,V47T,0.022327613
Omicron/BA.2,V47T,-0.039326347
Omicron/BA.4+,V47T,-0.036984637
Wild Type,V47T,0.09441743
bivalent,V47T,0.08943263
bivalent_with_rna,V47T,-0.061741367
cocktail,V47T,-0.017733699
double_vax,V47T,0.021779366
inactivated,V47T,-0.019054454
inactivated_with_rna,V47T,0.052238513
multiple_rna,V47T,-0.023346718
rna,V47T,-0.018961685
single_vax,V47T,-0.0039746333
unknown,V47T,0.012627705
vax_with_bivalent,V47T,-0.043828323
vax_with_rna,V47T,0.04737042
Alpha,V483A,0.0039894027
Beta,V483A,0.015558299
Delta,V483A,0.015959932
Epsilon,V483A,0.07605588
Gamma,V483A,0.0899333
Iota,V483A,-0.07974953
Lambda,V483A,-0.03646337
Mu,V483A,0.003258205
Omicron/BA.1,V483A,-0.10964241
Omicron/BA.2,V483A,0.019019388
Omicron/BA.4+,V483A,0.03179573
Wild Type,V483A,0.016529942
bivalent,V483A,-0.095238544
bivalent_with_rna,V483A,-0.0069005955
cocktail,V483A,-0.017430471
double_vax,V483A,0.014225766
inactivated,V483A,0.014078515
inactivated_with_rna,V483A,-0.019867614
multiple_rna,V483A,0.06846466
rna,V483A,0.0069998084
single_vax,V483A,0.07284108
unknown,V483A,-0.086634755
vax_with_bivalent,V483A,-0.10598785
vax_with_rna,V483A,-0.08189903
Alpha,V483Q,0.091791734
Beta,V483Q,-0.13986853
Delta,V483Q,-0.073594734
Epsilon,V483Q,0.0029068273
Gamma,V483Q,-0.049498532
Iota,V483Q,-0.006995095
Lambda,V483Q,0.02243435
Mu,V483Q,0.0310089
Omicron/BA.1,V483Q,-0.062166322
Omicron/BA.2,V483Q,0.01229324
Omicron/BA.4+,V483Q,-0.10025867
Wild Type,V483Q,0.066871926
bivalent,V483Q,0.025706932
bivalent_with_rna,V483Q,0.101247594
cocktail,V483Q,0.052708313
double_vax,V483Q,-0.026772281
inactivated,V483Q,0.0065539004
inactivated_with_rna,V483Q,0.022656428
multiple_rna,V483Q,0.04154897
rna,V483Q,0.022099065
single_vax,V483Q,0.0037894663
unknown,V483Q,0.09425307
vax_with_bivalent,V483Q,0.007810458
vax_with_rna,V483Q,0.028252004
Alpha,V503I,0.13571009
Beta,V503I,-0.06166571
Delta,V503I,0.027659567
Epsilon,V503I,-0.016072625
Gamma,V503I,0.05538789
Iota,V503I,-0.05920634
Lambda,V503I,-0.10728311
Mu,V503I,-0.031848416
Omicron/BA.1,V503I,0.017853692
Omicron/BA.2,V503I,0.10105587
Omicron/BA.4+,V503I,0.090942144
Wild Type,V503I,0.05599804
bivalent,V503I,0.039620437
bivalent_with_rna,V503I,0.047180988
cocktail,V503I,0.07086293
double_vax,V503I,-0.01922635
inactivated,V503I,-0.0031275703
inactivated_with_rna,V503I,0.13311394
multiple_rna,V503I,-0.014628268
rna,V503I,-0.041095003
single_vax,V503I,0.0041947835
unknown,V503I,0.049983934
vax_with_bivalent,V503I,0.038062274
vax_with_rna,V503I,-0.018864674
Alpha,V534I,-0.011060342
Beta,V534I,0.022608832
Delta,V534I,0.086216256
Epsilon,V534I,-0.044802964
Gamma,V534I,0.13118985
Iota,V534I,-0.02488194
Lambda,V534I,0.01440296
Mu,V534I,0.075915456
Omicron/BA.1,V534I,-0.08327041
Omicron/BA.2,V534I,0.0579796
Omicron/BA.4+,V534I,0.047129102
Wild Type,V534I,0.009253124
bivalent,V534I,0.0069532497
bivalent_with_rna,V534I,-0.045179803
cocktail,V534I,0.0034422
double_vax,V534I,-0.017490072
inactivated,V534I,-0.15551676
inactivated_with_rna,V534I,-0.009898003
multiple_rna,V534I,0.014585375
rna,V534I,-0.02553855
single_vax,V534I,-0.025734253
unknown,V534I,0.101426125
vax_with_bivalent,V534I,0.02743034
vax_with_rna,V534I,0.052268993
Alpha,V622M,0.06986919
Beta,V622M,-0.0483772
Delta,V622M,-0.13895963
Epsilon,V622M,-0.14132099
Gamma,V622M,0.08093011
Iota,V622M,0.009991455
Lambda,V622M,0.09761864
Mu,V622M,0.036408655
Omicron/BA.1,V622M,0.040925015
Omicron/BA.2,V622M,0.08313138
Omicron/BA.4+,V622M,-0.03056412
Wild Type,V622M,0.031041175
bivalent,V622M,-0.0057066157
bivalent_with_rna,V622M,-0.001133733
cocktail,V622M,0.032390542
double_vax,V622M,0.06364354
inactivated,V622M,0.060317826
inactivated_with_rna,V622M,0.01399235
multiple_rna,V622M,0.057777677
rna,V622M,-0.011519916
single_vax,V622M,0.079421304
unknown,V622M,-0.018770328
vax_with_bivalent,V622M,-0.020016456
vax_with_rna,V622M,-0.1341764
Alpha,V622T,-0.0008666059
Beta,V622T,-0.0116831865
Delta,V622T,-0.06314057
Epsilon,V622T,-0.021148644
Gamma,V622T,-0.07009068
Iota,V622T,0.0073750378
Lambda,V622T,-0.038414303
Mu,V622T,0.065428704
Omicron/BA.1,V622T,-0.03912681
Omicron/BA.2,V622T,-0.016809495
Omicron/BA.4+,V622T,0.047880467
Wild Type,V622T,-0.0057633086
bivalent,V622T,0.038003836
bivalent_with_rna,V622T,0.00066326186
cocktail,V622T,-0.10811992
double_vax,V622T,-0.011383759
inactivated,V622T,0.08505733
inactivated_with_rna,V622T,0.0956958
multiple_rna,V622T,-0.1727497
rna,V622T,-0.02107053
single_vax,V622T,0.030114599
unknown,V622T,-0.000207223
vax_with_bivalent,V622T,0.10959155
vax_with_rna,V622T,-0.0677343
Alpha,V635I,0.015626788
Beta,V635I,0.014882717
Delta,V635I,0.031247318
Epsilon,V635I,-0.069286145
Gamma,V635I,0.07404864
Iota,V635I,0.06037272
Lambda,V635I,-0.11209356
Mu,V635I,0.0669322
Omicron/BA.1,V635I,-0.18105504
Omicron/BA.2,V635I,0.069991834
Omicron/BA.4+,V635I,0.001112788
Wild Type,V635I,-0.04047049
bivalent,V635I,0.03912003
bivalent_with_rna,V635I,0.017321566
cocktail,V635I,-0.048209723
double_vax,V635I,0.0054955236
inactivated,V635I,0.013822021
inactivated_with_rna,V635I,0.029958904
multiple_rna,V635I,-0.108265355
rna,V635I,-0.045045126
single_vax,V635I,0.015348045
unknown,V635I,0.0012613498
vax_with_bivalent,V635I,-0.020278184
vax_with_rna,V635I,0.021730669
Alpha,V6F,-0.029868675
Beta,V6F,0.072083846
Delta,V6F,-0.08722657
Epsilon,V6F,-0.038799524
Gamma,V6F,-0.072970144
Iota,V6F,0.012647572
Lambda,V6F,-0.05159061
Mu,V6F,0.0011668513
Omicron/BA.1,V6F,-0.010598422
Omicron/BA.2,V6F,0.036906295
Omicron/BA.4+,V6F,0.0705101
Wild Type,V6F,-0.0073648766
bivalent,V6F,-0.11485759
bivalent_with_rna,V6F,0.11052399
cocktail,V6F,0.06595822
double_vax,V6F,-0.07233722
inactivated,V6F,-0.033305347
inactivated_with_rna,V6F,0.07785414
multiple_rna,V6F,-0.0016159508
rna,V6F,-0.049989127
single_vax,V6F,-0.030983055
unknown,V6F,-0.0013697287
vax_with_bivalent,V6F,-0.0035068756
vax_with_rna,V6F,-0.04102104
Alpha,V6L,0.014516139
Beta,V6L,-0.044492662
Delta,V6L,0.028353583
Epsilon,V6L,-0.010016765
Gamma,V6L,-0.026334345
Iota,V6L,0.044772975
Lambda,V6L,0.06610668
Mu,V6L,0.047201008
Omicron/BA.1,V6L,0.0018964857
Omicron/BA.2,V6L,-0.0085950205
Omicron/BA.4+,V6L,-0.18974888
Wild Type,V6L,-0.006130513
bivalent,V6L,-0.059979074
bivalent_with_rna,V6L,0.05932381
cocktail,V6L,0.037877552
double_vax,V6L,0.08204364
inactivated,V6L,0.12043803
inactivated_with_rna,V6L,-0.11465196
multiple_rna,V6L,-0.07372847
rna,V6L,-0.016257275
single_vax,V6L,0.033149347
unknown,V6L,0.04667113
vax_with_bivalent,V6L,0.08989564
vax_with_rna,V6L,0.04032431
Alpha,V705I,0.059617404
Beta,V705I,0.05515645
Delta,V705I,0.017672123
Epsilon,V705I,-0.10061053
Gamma,V705I,0.08909558
Iota,V705I,0.014689812
Lambda,V705I,-0.064430214
Mu,V705I,-0.012995434
Omicron/BA.1,V705I,0.055166945
Omicron/BA.2,V705I,0.15145676
Omicron/BA.4+,V705I,0.039155
Wild Type,V705I,-0.049778484
bivalent,V705I,-0.059324577
bivalent_with_rna,V705I,-0.02197835
cocktail,V705I,0.03532725
double_vax,V705I,0.034313433
inactivated,V705I,-0.019063152
inactivated_with_rna,V705I,0.059355907
multiple_rna,V705I,-0.008093556
rna,V705I,-0.020168459
single_vax,V705I,-0.0074648727
unknown,V705I,-0.13730204
vax_with_bivalent,V705I,0.10862849
vax_with_rna,V705I,-0.032967776
Alpha,V70H,-0.014196247
Beta,V70H,-0.06373967
Delta,V70H,-0.14758044
Epsilon,V70H,0.0551868
Gamma,V70H,-0.020699352
Iota,V70H,-0.07962513
Lambda,V70H,0.030989897
Mu,V70H,-0.035587445
Omicron/BA.1,V70H,0.013763821
Omicron/BA.2,V70H,0.024553308
Omicron/BA.4+,V70H,-0.012835075
Wild Type,V70H,0.1005391
bivalent,V70H,-0.10836952
bivalent_with_rna,V70H,0.07581814
cocktail,V70H,-0.04382733
double_vax,V70H,-0.0048821117
inactivated,V70H,-0.08320557
inactivated_with_rna,V70H,0.080450356
multiple_rna,V70H,0.015333646
rna,V70H,-0.02617779
single_vax,V70H,0.039227046
unknown,V70H,-0.0400544
vax_with_bivalent,V70H,0.09427002
vax_with_rna,V70H,-0.03327366
Alpha,V70L,0.11618484
Beta,V70L,-0.05908436
Delta,V70L,-0.041416705
Epsilon,V70L,-0.11692616
Gamma,V70L,0.058326215
Iota,V70L,-0.048768647
Lambda,V70L,-0.0036007026
Mu,V70L,-0.011642417
Omicron/BA.1,V70L,-0.029783485
Omicron/BA.2,V70L,-0.13599667
Omicron/BA.4+,V70L,0.061287664
Wild Type,V70L,0.011317308
bivalent,V70L,-0.036956288
bivalent_with_rna,V70L,0.031179562
cocktail,V70L,0.06631025
double_vax,V70L,-0.0839428
inactivated,V70L,0.055477522
inactivated_with_rna,V70L,-0.0041266615
multiple_rna,V70L,0.12945943
rna,V70L,-0.120948635
single_vax,V70L,0.020747378
unknown,V70L,-0.08773331
vax_with_bivalent,V70L,0.0683638
vax_with_rna,V70L,-0.034173027
Alpha,V70V,-0.05615241
Beta,V70V,0.034560718
Delta,V70V,-0.024433503
Epsilon,V70V,-0.049279884
Gamma,V70V,-0.05410796
Iota,V70V,0.08673463
Lambda,V70V,-0.051287647
Mu,V70V,0.09660245
Omicron/BA.1,V70V,0.06164842
Omicron/BA.2,V70V,0.027747627
Omicron/BA.4+,V70V,0.011194982
Wild Type,V70V,-0.060745463
bivalent,V70V,-0.051857095
bivalent_with_rna,V70V,0.066112444
cocktail,V70V,-0.045556087
double_vax,V70V,0.023878558
inactivated,V70V,-0.032589212
inactivated_with_rna,V70V,-0.06906555
multiple_rna,V70V,-0.021780467
rna,V70V,0.014480454
single_vax,V70V,0.00913734
unknown,V70V,0.054870617
vax_with_bivalent,V70V,-0.054430142
vax_with_rna,V70V,0.016140502
Alpha,V70Y,-0.019604385
Beta,V70Y,-0.0060894373
Delta,V70Y,0.03317475
Epsilon,V70Y,-0.06404442
Gamma,V70Y,-0.0937943
Iota,V70Y,0.006836691
Lambda,V70Y,-0.13523698
Mu,V70Y,0.025999118
Omicron/BA.1,V70Y,0.07737209
Omicron/BA.2,V70Y,0.036882527
Omicron/BA.4+,V70Y,0.09216428
Wild Type,V70Y,-0.06978861
bivalent,V70Y,0.004139968
bivalent_with_rna,V70Y,-0.07555799
cocktail,V70Y,0.12968726
double_vax,V70Y,0.076746896
inactivated,V70Y,0.09906959
inactivated_with_rna,V70Y,-0.03481792
multiple_rna,V70Y,-0.05347732
rna,V70Y,0.07201475
single_vax,V70Y,-0.026928406
unknown,V70Y,-0.00095066614
vax_with_bivalent,V70Y,-0.07482018
vax_with_rna,V70Y,-0.030654442
Alpha,V722I,-0.05844661
Beta,V722I,-0.104177095
Delta,V722I,0.04819137
Epsilon,V722I,0.03159609
Gamma,V722I,-0.04332271
Iota,V722I,0.05950667
Lambda,V722I,-0.050994985
Mu,V722I,0.06380518
Omicron/BA.1,V722I,0.06550237
Omicron/BA.2,V722I,0.01056551
Omicron/BA.4+,V722I,-0.07099479
Wild Type,V722I,0.05453491
bivalent,V722I,-0.03503335
bivalent_with_rna,V722I,0.08741042
cocktail,V722I,-0.03947648
double_vax,V722I,0.006310866
inactivated,V722I,0.012197947
inactivated_with_rna,V722I,0.13925283
multiple_rna,V722I,-0.023342922
rna,V722I,-0.03324256
single_vax,V722I,0.018531233
unknown,V722I,0.028076503
vax_with_bivalent,V722I,0.08661522
vax_with_rna,V722I,-0.00362767
Alpha,V772A,-0.019444084
Beta,V772A,0.042671096
Delta,V772A,-0.012541995
Epsilon,V772A,-0.045318242
Gamma,V772A,0.008745269
Iota,V772A,0.013791924
Lambda,V772A,-0.023133172
Mu,V772A,-0.0245898
Omicron/BA.1,V772A,0.106995024
Omicron/BA.2,V772A,-0.12919952
Omicron/BA.4+,V772A,-0.006320487
Wild Type,V772A,-0.052420344
bivalent,V772A,0.01121336
bivalent_with_rna,V772A,0.012782874
cocktail,V772A,0.07254516
double_vax,V772A,0.075859874
inactivated,V772A,0.07605753
inactivated_with_rna,V772A,0.09153455
multiple_rna,V772A,0.02568363
rna,V772A,-0.024538463
single_vax,V772A,0.01318446
unknown,V772A,-0.051631372
vax_with_bivalent,V772A,0.002833986
vax_with_rna,V772A,-0.036249254
Alpha,V772I,-0.05786097
Beta,V772I,-0.010501561
Delta,V772I,0.09583618
Epsilon,V772I,0.02058306
Gamma,V772I,-0.017726528
Iota,V772I,0.024537973
Lambda,V772I,-0.06460957
Mu,V772I,0.04077506
Omicron/BA.1,V772I,0.08783447
Omicron/BA.2,V772I,-0.00554559
Omicron/BA.4+,V772I,-0.08222986
Wild Type,V772I,-0.04649207
bivalent,V772I,0.08775612
bivalent_with_rna,V772I,0.05075208
cocktail,V772I,0.012842363
double_vax,V772I,0.023248509
inactivated,V772I,0.09426835
inactivated_with_rna,V772I,0.06363646
multiple_rna,V772I,0.06527065
rna,V772I,0.12465707
single_vax,V772I,0.047078036
unknown,V772I,0.025652708
vax_with_bivalent,V772I,0.013442591
vax_with_rna,V772I,0.09543171
Alpha,V772V,-0.057340022
Beta,V772V,-0.061322346
Delta,V772V,-0.011629552
Epsilon,V772V,0.08543612
Gamma,V772V,0.09621849
Iota,V772V,0.06852765
Lambda,V772V,0.0062181447
Mu,V772V,-0.016741408
Omicron/BA.1,V772V,0.027460309
Omicron/BA.2,V772V,0.016755948
Omicron/BA.4+,V772V,-0.011726495
Wild Type,V772V,-0.045940362
bivalent,V772V,0.05394201
bivalent_with_rna,V772V,0.0058386847
cocktail,V772V,-0.08386127
double_vax,V772V,0.20379218
inactivated,V772V,0.021257568
inactivated_with_rna,V772V,0.027295291
multiple_rna,V772V,0.0048691137
rna,V772V,0.116968006
single_vax,V772V,0.03347939
unknown,V772V,0.037164107
vax_with_bivalent,V772V,0.08659082
vax_with_rna,V772V,-0.002214437
Alpha,V83A,0.05826852
Beta,V83A,-0.027858227
Delta,V83A,0.026076932
Epsilon,V83A,0.014244928
Gamma,V83A,0.038500737
Iota,V83A,-0.06596427
Lambda,V83A,0.0030540489
Mu,V83A,-0.014971735
Omicron/BA.1,V83A,-0.023727525
Omicron/BA.2,V83A,0.14254817
Omicron/BA.4+,V83A,-0.016159726
Wild Type,V83A,-0.17774525
bivalent,V83A,-0.039412268
bivalent_with_rna,V83A,-0.022763487
cocktail,V83A,0.0072062714
double_vax,V83A,0.0032661501
inactivated,V83A,0.009723719
inactivated_with_rna,V83A,-0.13840605
multiple_rna,V83A,-0.004641085
rna,V83A,0.025706384
single_vax,V83A,-0.023806602
unknown,V83A,-0.16068345
vax_with_bivalent,V83A,0.07386452
vax_with_rna,V83A,0.021837004
Alpha,V90I,-0.12607592
Beta,V90I,-0.061242543
Delta,V90I,-0.076910615
Epsilon,V90I,0.058287263
Gamma,V90I,0.044681475
Iota,V90I,0.044234972
Lambda,V90I,-0.019673994
Mu,V90I,-0.001717275
Omicron/BA.1,V90I,-0.08748231
Omicron/BA.2,V90I,0.0402941
Omicron/BA.4+,V90I,0.046964742
Wild Type,V90I,-0.03157438
bivalent,V90I,-0.026730863
bivalent_with_rna,V90I,0.005544597
cocktail,V90I,0.022515483
double_vax,V90I,-0.041302055
inactivated,V90I,0.106218904
inactivated_with_rna,V90I,0.018047646
multiple_rna,V90I,0.009928744
rna,V90I,-0.021613032
single_vax,V90I,-0.023701647
unknown,V90I,0.050811116
vax_with_bivalent,V90I,-0.024204262
vax_with_rna,V90I,-0.03051969
Alpha,W152C,0.030211767
Beta,W152C,-0.0338647
Delta,W152C,0.058569565
Epsilon,W152C,0.018007241
Gamma,W152C,-0.019123169
Iota,W152C,-0.038248695
Lambda,W152C,0.020418946
Mu,W152C,-0.010631353
Omicron/BA.1,W152C,0.033341847
Omicron/BA.2,W152C,0.07570317
Omicron/BA.4+,W152C,0.092283644
Wild Type,W152C,-0.04953012
bivalent,W152C,-0.013369012
bivalent_with_rna,W152C,0.04047714
cocktail,W152C,-0.03386224
double_vax,W152C,-0.003304808
inactivated,W152C,-0.09917346
inactivated_with_rna,W152C,-0.010968011
multiple_rna,W152C,0.037469592
rna,W152C,-0.060294736
single_vax,W152C,0.06675016
unknown,W152C,0.019442592
vax_with_bivalent,W152C,-0.091659546
vax_with_rna,W152C,0.033246767
Alpha,W152L,-0.040756144
Beta,W152L,-0.060160317
Delta,W152L,0.010633452
Epsilon,W152L,-0.039666496
Gamma,W152L,0.14420909
Iota,W152L,0.017478578
Lambda,W152L,-0.07374357
Mu,W152L,-0.0389898
Omicron/BA.1,W152L,0.026401624
Omicron/BA.2,W152L,0.0048103207
Omicron/BA.4+,W152L,-0.055967778
Wild Type,W152L,0.08199543
bivalent,W152L,0.05785126
bivalent_with_rna,W152L,-0.03953302
cocktail,W152L,-0.004960314
double_vax,W152L,0.058170754
inactivated,W152L,-0.054236636
inactivated_with_rna,W152L,0.05650656
multiple_rna,W152L,-0.0893424
rna,W152L,-0.051771738
single_vax,W152L,0.12774836
unknown,W152L,-0.045917604
vax_with_bivalent,W152L,0.087414086
vax_with_rna,W152L,0.122134924
Alpha,W152R,0.035371285
Beta,W152R,-0.039251108
Delta,W152R,0.02155843
Epsilon,W152R,-0.07677138
Gamma,W152R,-0.02526767
Iota,W152R,0.0042804554
Lambda,W152R,0.0022760504
Mu,W152R,-0.016389027
Omicron/BA.1,W152R,-0.048725825
Omicron/BA.2,W152R,-0.02321447
Omicron/BA.4+,W152R,0.092905045
Wild Type,W152R,0.008941546
bivalent,W152R,0.11506883
bivalent_with_rna,W152R,0.03603467
cocktail,W152R,0.070877224
double_vax,W152R,0.061771557
inactivated,W152R,0.036772143
inactivated_with_rna,W152R,0.032574512
multiple_rna,W152R,-0.00033168448
rna,W152R,0.0012809606
single_vax,W152R,0.050476484
unknown,W152R,0.08483736
vax_with_bivalent,W152R,0.060140956
vax_with_rna,W152R,0.03869374
Alpha,W258L,0.073427446
Beta,W258L,-0.0006503107
Delta,W258L,-0.08321006
Epsilon,W258L,-0.023528744
Gamma,W258L,0.015419086
Iota,W258L,0.05632054
Lambda,W258L,-0.07812131
Mu,W258L,-0.06600495
Omicron/BA.1,W258L,-0.0023732446
Omicron/BA.2,W258L,-0.013815617
Omicron/BA.4+,W258L,-0.06777085
Wild Type,W258L,-0.03502795
bivalent,W258L,-0.012273539
bivalent_with_rna,W258L,0.0049368725
cocktail,W258L,0.032111015
double_vax,W258L,-0.008252139
inactivated,W258L,0.19401889
inactivated_with_rna,W258L,0.05680158
multiple_rna,W258L,0.03513936
rna,W258L,-0.110938534
single_vax,W258L,-0.026134357
unknown,W258L,0.06261517
vax_with_bivalent,W258L,-0.08092835
vax_with_rna,W258L,-0.07357485
Alpha,W64G,-0.037461407
Beta,W64G,0.034560464
Delta,W64G,-0.01901757
Epsilon,W64G,0.056857307
Gamma,W64G,-0.0070378203
Iota,W64G,-0.11223804
Lambda,W64G,0.044919975
Mu,W64G,-0.04742268
Omicron/BA.1,W64G,0.042382177
Omicron/BA.2,W64G,0.02591169
Omicron/BA.4+,W64G,0.023563126
Wild Type,W64G,-0.087956704
bivalent,W64G,-0.07075621
bivalent_with_rna,W64G,-0.040779337
cocktail,W64G,-0.0339664
double_vax,W64G,0.014278151
inactivated,W64G,0.010683011
inactivated_with_rna,W64G,-0.018532364
multiple_rna,W64G,-0.0840825
rna,W64G,-0.020758621
single_vax,W64G,0.03286627
unknown,W64G,0.007051883
vax_with_bivalent,W64G,-0.033826962
vax_with_rna,W64G,-0.00020629074
Alpha,W64R,-0.08447018
Beta,W64R,0.031084597
Delta,W64R,-0.17335418
Epsilon,W64R,0.08568493
Gamma,W64R,-0.049687188
Iota,W64R,0.085693
Lambda,W64R,-0.0022763107
Mu,W64R,0.06128876
Omicron/BA.1,W64R,-0.006717732
Omicron/BA.2,W64R,0.068146765
Omicron/BA.4+,W64R,-0.06447555
Wild Type,W64R,-0.039427865
bivalent,W64R,0.029899046
bivalent_with_rna,W64R,0.04889722
cocktail,W64R,0.020445574
double_vax,W64R,-0.04227644
inactivated,W64R,-0.024456447
inactivated_with_rna,W64R,-0.019367998
multiple_rna,W64R,0.004629408
rna,W64R,-0.063019566
single_vax,W64R,0.07649417
unknown,W64R,-0.064654686
vax_with_bivalent,W64R,-0.05617033
vax_with_rna,W64R,-0.016993837
Alpha,Y1110F,-0.02334022
Beta,Y1110F,0.019815063
Delta,Y1110F,-0.0129166795
Epsilon,Y1110F,-0.007686546
Gamma,Y1110F,-0.10800408
Iota,Y1110F,0.016629852
Lambda,Y1110F,-0.09742731
Mu,Y1110F,0.115312524
Omicron/BA.1,Y1110F,-0.044818103
Omicron/BA.2,Y1110F,-0.033233687
Omicron/BA.4+,Y1110F,-0.012475556
Wild Type,Y1110F,0.09260718
bivalent,Y1110F,-0.012197442
bivalent_with_rna,Y1110F,-0.112033464
cocktail,Y1110F,-0.02781242
double_vax,Y1110F,-0.029265258
inactivated,Y1110F,0.026441421
inactivated_with_rna,Y1110F,-0.031762663
multiple_rna,Y1110F,0.094973974
rna,Y1110F,-0.044245668
single_vax,Y1110F,0.0405749
unknown,Y1110F,0.075623795
vax_with_bivalent,Y1110F,-0.002613314
vax_with_rna,Y1110F,-0.027961582
Alpha,Y144L,-0.10420109
Beta,Y144L,-0.027731827
Delta,Y144L,0.0133350035
Epsilon,Y144L,-0.0027903267
Gamma,Y144L,0.014348303
Iota,Y144L,0.099451475
Lambda,Y144L,-0.0397098
Mu,Y144L,-0.10594635
Omicron/BA.1,Y144L,0.12335359
Omicron/BA.2,Y144L,0.010527191
Omicron/BA.4+,Y144L,0.05657377
Wild Type,Y144L,0.0025413856
bivalent,Y144L,-0.002503655
bivalent_with_rna,Y144L,0.07503029
cocktail,Y144L,0.042152934
double_vax,Y144L,0.090065695
inactivated,Y144L,0.09712351
inactivated_with_rna,Y144L,0.015106406
multiple_rna,Y144L,-0.12675786
rna,Y144L,-0.0286703
single_vax,Y144L,-0.037194803
unknown,Y144L,0.0015671104
vax_with_bivalent,Y144L,0.13510855
vax_with_rna,Y144L,-0.04232474
Alpha,Y144S,0.050404545
Beta,Y144S,0.018054172
Delta,Y144S,0.050582394
Epsilon,Y144S,-0.0011377786
Gamma,Y144S,-0.07185195
Iota,Y144S,0.04086044
Lambda,Y144S,-0.034353003
Mu,Y144S,0.0019967002
Omicron/BA.1,Y144S,0.025259223
Omicron/BA.2,Y144S,-0.06952431
Omicron/BA.4+,Y144S,-0.002183294
Wild Type,Y144S,0.07862444
bivalent,Y144S,-0.048015073
bivalent_with_rna,Y144S,0.10607469
cocktail,Y144S,0.05318383
double_vax,Y144S,0.040342018
inactivated,Y144S,0.0036188525
inactivated_with_rna,Y144S,-0.044110075
multiple_rna,Y144S,0.04563991
rna,Y144S,-0.016097039
single_vax,Y144S,0.08181389
unknown,Y144S,0.008724963
vax_with_bivalent,Y144S,0.036566243
vax_with_rna,Y144S,0.02166695
Alpha,Y144T,0.078462005
Beta,Y144T,-0.04059887
Delta,Y144T,-0.012435984
Epsilon,Y144T,-0.0449245
Gamma,Y144T,0.0056111743
Iota,Y144T,-0.028881332
Lambda,Y144T,0.052455887
Mu,Y144T,-0.07415803
Omicron/BA.1,Y144T,-0.05609504
Omicron/BA.2,Y144T,0.03839655
Omicron/BA.4+,Y144T,-0.0065691187
Wild Type,Y144T,-0.020611078
bivalent,Y144T,0.011250676
bivalent_with_rna,Y144T,0.019897634
cocktail,Y144T,0.011938
double_vax,Y144T,0.07269664
inactivated,Y144T,-0.11427726
inactivated_with_rna,Y144T,0.059991047
multiple_rna,Y144T,0.018632062
rna,Y144T,0.114672415
single_vax,Y144T,-0.020621415
unknown,Y144T,0.027873477
vax_with_bivalent,Y144T,-0.02430315
vax_with_rna,Y144T,-0.028815355
Alpha,Y144ins,0.057697628
Beta,Y144ins,-0.06890511
Delta,Y144ins,0.0104745645
Epsilon,Y144ins,0.042581066
Gamma,Y144ins,0.011517271
Iota,Y144ins,-0.095653445
Lambda,Y144ins,0.0147603005
Mu,Y144ins,-0.06073273
Omicron/BA.1,Y144ins,-0.020708347
Omicron/BA.2,Y144ins,0.02444288
Omicron/BA.4+,Y144ins,-0.01608025
Wild Type,Y144ins,0.10347156
bivalent,Y144ins,0.06777457
bivalent_with_rna,Y144ins,-0.09700289
cocktail,Y144ins,-0.050117806
double_vax,Y144ins,0.05738754
inactivated,Y144ins,0.012622392
inactivated_with_rna,Y144ins,-0.046902057
multiple_rna,Y144ins,-0.10509118
rna,Y144ins,-0.0015233839
single_vax,Y144ins,0.05770136
unknown,Y144ins,0.07752671
vax_with_bivalent,Y144ins,0.06276835
vax_with_rna,Y144ins,0.06258105
Alpha,Y145K,0.09524691
Beta,Y145K,-0.0027800035
Delta,Y145K,-0.053842165
Epsilon,Y145K,-0.004153908
Gamma,Y145K,-0.04945192
Iota,Y145K,-0.06633397
Lambda,Y145K,-0.044339217
Mu,Y145K,-0.08765642
Omicron/BA.1,Y145K,-0.0019233525
Omicron/BA.2,Y145K,0.08404711
Omicron/BA.4+,Y145K,-0.15281327
Wild Type,Y145K,-0.012590792
bivalent,Y145K,0.036223464
bivalent_with_rna,Y145K,-0.02587901
cocktail,Y145K,0.03719806
double_vax,Y145K,0.0027023768
inactivated,Y145K,0.016155457
inactivated_with_rna,Y145K,0.13932648
multiple_rna,Y145K,-0.027831802
rna,Y145K,-0.0423098
single_vax,Y145K,-0.005862695
unknown,Y145K,0.030272689
vax_with_bivalent,Y145K,0.08625657
vax_with_rna,Y145K,-0.030793615
Alpha,Y145N,0.03151459
Beta,Y145N,0.007303916
Delta,Y145N,0.037379812
Epsilon,Y145N,-0.013400491
Gamma,Y145N,0.008853515
Iota,Y145N,0.012858896
Lambda,Y145N,0.0153642595
Mu,Y145N,0.0019421828
Omicron/BA.1,Y145N,0.041561104
Omicron/BA.2,Y145N,-0.022489335
Omicron/BA.4+,Y145N,0.0039844355
Wild Type,Y145N,0.046707153
bivalent,Y145N,0.023714652
bivalent_with_rna,Y145N,-0.049862918
cocktail,Y145N,0.17243421
double_vax,Y145N,0.09932817
inactivated,Y145N,0.050167244
inactivated_with_rna,Y145N,0.0080501875
multiple_rna,Y145N,-0.01629137
rna,Y145N,0.0579743
single_vax,Y145N,0.021467818
unknown,Y145N,-0.0077750124
vax_with_bivalent,Y145N,0.021867432
vax_with_rna,Y145N,-0.029521119
Alpha,Y145S,-0.0066504446
Beta,Y145S,0.11939793
Delta,Y145S,-0.054988347
Epsilon,Y145S,0.010488419
Gamma,Y145S,0.00085379975
Iota,Y145S,-0.008731429
Lambda,Y145S,-0.037523426
Mu,Y145S,-0.18238614
Omicron/BA.1,Y145S,-0.055449367
Omicron/BA.2,Y145S,0.03188289
Omicron/BA.4+,Y145S,0.001874754
Wild Type,Y145S,-0.02254134
bivalent,Y145S,-0.0056576445
bivalent_with_rna,Y145S,0.10593223
cocktail,Y145S,-0.054630037
double_vax,Y145S,-0.05635624
inactivated,Y145S,0.011923248
inactivated_with_rna,Y145S,0.10637297
multiple_rna,Y145S,0.18587992
rna,Y145S,0.06703906
single_vax,Y145S,-0.020107407
unknown,Y145S,0.011732207
vax_with_bivalent,Y145S,-0.060306888
vax_with_rna,Y145S,0.040753838
Alpha,Y145ins,-0.06997406
Beta,Y145ins,-0.07002691
Delta,Y145ins,0.11882947
Epsilon,Y145ins,-0.037003696
Gamma,Y145ins,0.117319
Iota,Y145ins,0.043310024
Lambda,Y145ins,0.11938658
Mu,Y145ins,-0.05623256
Omicron/BA.1,Y145ins,-0.07289537
Omicron/BA.2,Y145ins,-0.05322932
Omicron/BA.4+,Y145ins,-0.08707263
Wild Type,Y145ins,0.091348074
bivalent,Y145ins,-0.024007898
bivalent_with_rna,Y145ins,-0.052903205
cocktail,Y145ins,-0.031918705
double_vax,Y145ins,0.120334886
inactivated,Y145ins,-0.083755985
inactivated_with_rna,Y145ins,-0.04729597
multiple_rna,Y145ins,0.05624372
rna,Y145ins,0.020264069
single_vax,Y145ins,-0.09849094
unknown,Y145ins,0.08011779
vax_with_bivalent,Y145ins,-0.022527229
vax_with_rna,Y145ins,0.093194686
Alpha,Y160F,-0.003731408
Beta,Y160F,0.112992145
Delta,Y160F,-0.06911933
Epsilon,Y160F,-0.10570017
Gamma,Y160F,-0.050654516
Iota,Y160F,-0.057437837
Lambda,Y160F,-0.019355288
Mu,Y160F,-0.013911037
Omicron/BA.1,Y160F,0.08813849
Omicron/BA.2,Y160F,-0.097093314
Omicron/BA.4+,Y160F,0.07024628
Wild Type,Y160F,-0.018023383
bivalent,Y160F,-0.0037528612
bivalent_with_rna,Y160F,-0.0131142475
cocktail,Y160F,0.054775584
double_vax,Y160F,-0.030192465
inactivated,Y160F,0.072133265
inactivated_with_rna,Y160F,0.04822063
multiple_rna,Y160F,0.02810589
rna,Y160F,-0.010390324
single_vax,Y160F,0.026924303
unknown,Y160F,0.009877489
vax_with_bivalent,Y160F,-0.0422057
vax_with_rna,Y160F,-0.037752192
Alpha,Y200F,0.037572384
Beta,Y200F,-0.024948964
Delta,Y200F,0.009032646
Epsilon,Y200F,0.061894216
Gamma,Y200F,-0.0077072745
Iota,Y200F,0.118693285
Lambda,Y200F,-0.0019428183
Mu,Y200F,0.0964992
Omicron/BA.1,Y200F,0.010183926
Omicron/BA.2,Y200F,-0.04742344
Omicron/BA.4+,Y200F,0.12787782
Wild Type,Y200F,0.06228489
bivalent,Y200F,-0.044607587
bivalent_with_rna,Y200F,0.009008615
cocktail,Y200F,0.17228383
double_vax,Y200F,-0.0765578
inactivated,Y200F,-0.047629215
inactivated_with_rna,Y200F,-0.0049033538
multiple_rna,Y200F,-0.0014243443
rna,Y200F,-0.05031016
single_vax,Y200F,-0.048280675
unknown,Y200F,-0.034732386
vax_with_bivalent,Y200F,-0.031494074
vax_with_rna,Y200F,-0.14947891
Alpha,Y248D,0.076405965
Beta,Y248D,0.0046510203
Delta,Y248D,-0.056089617
Epsilon,Y248D,0.03178314
Gamma,Y248D,-0.04441744
Iota,Y248D,-0.05481472
Lambda,Y248D,-0.033617403
Mu,Y248D,-0.050808568
Omicron/BA.1,Y248D,0.023597427
Omicron/BA.2,Y248D,0.054886006
Omicron/BA.4+,Y248D,0.007855345
Wild Type,Y248D,-0.055403166
bivalent,Y248D,-0.039811697
bivalent_with_rna,Y248D,-0.010909023
cocktail,Y248D,-0.027626017
double_vax,Y248D,-0.17068066
inactivated,Y248D,-0.010838538
inactivated_with_rna,Y248D,-0.025800753
multiple_rna,Y248D,0.049485132
rna,Y248D,-0.003539998
single_vax,Y248D,-0.031084834
unknown,Y248D,-0.08762574
vax_with_bivalent,Y248D,-0.074239664
vax_with_rna,Y248D,-0.03610217
Alpha,Y248N,-0.007883683
Beta,Y248N,0.05190368
Delta,Y248N,-0.07426024
Epsilon,Y248N,-0.0006266888
Gamma,Y248N,0.060949415
Iota,Y248N,0.01728747
Lambda,Y248N,0.047967784
Mu,Y248N,-0.032688808
Omicron/BA.1,Y248N,0.0001421984
Omicron/BA.2,Y248N,0.036834035
Omicron/BA.4+,Y248N,0.012974875
Wild Type,Y248N,-0.06875538
bivalent,Y248N,0.051176846
bivalent_with_rna,Y248N,-0.04731596
cocktail,Y248N,0.034971107
double_vax,Y248N,-0.0038127154
inactivated,Y248N,-0.08156515
inactivated_with_rna,Y248N,0.018009977
multiple_rna,Y248N,0.08451175
rna,Y248N,-0.027149834
single_vax,Y248N,-0.053018637
unknown,Y248N,-0.026668835
vax_with_bivalent,Y248N,0.023417214
vax_with_rna,Y248N,-0.07331191
Alpha,Y248P,-0.029931808
Beta,Y248P,-0.04365456
Delta,Y248P,0.04860079
Epsilon,Y248P,-0.07964426
Gamma,Y248P,-0.07464063
Iota,Y248P,-0.01949764
Lambda,Y248P,-0.004287578
Mu,Y248P,-0.06665901
Omicron/BA.1,Y248P,0.093093455
Omicron/BA.2,Y248P,-0.05114926
Omicron/BA.4+,Y248P,0.045378678
Wild Type,Y248P,0.04960218
bivalent,Y248P,0.11145139
bivalent_with_rna,Y248P,-0.046657063
cocktail,Y248P,0.013228468
double_vax,Y248P,-0.0015382223
inactivated,Y248P,0.041558374
inactivated_with_rna,Y248P,0.0074525
multiple_rna,Y248P,-0.12298578
rna,Y248P,-0.007238522
single_vax,Y248P,-0.007991258
unknown,Y248P,0.03472551
vax_with_bivalent,Y248P,-0.08758294
vax_with_rna,Y248P,0.06279748
Alpha,Y248S,0.10276512
Beta,Y248S,0.08271904
Delta,Y248S,-0.04275854
Epsilon,Y248S,0.0028860597
Gamma,Y248S,0.014983512
Iota,Y248S,0.08461263
Lambda,Y248S,-0.028347123
Mu,Y248S,0.038316295
Omicron/BA.1,Y248S,0.104557976
Omicron/BA.2,Y248S,0.01260848
Omicron/BA.4+,Y248S,0.058934644
Wild Type,Y248S,0.08666918
bivalent,Y248S,0.025050974
bivalent_with_rna,Y248S,-0.006819006
cocktail,Y248S,0.027820965
double_vax,Y248S,-0.022463089
inactivated,Y248S,-0.095813744
inactivated_with_rna,Y248S,-0.046153754
multiple_rna,Y248S,0.043660562
rna,Y248S,-0.029669944
single_vax,Y248S,0.008568184
unknown,Y248S,-0.040232554
vax_with_bivalent,Y248S,-0.016113043
vax_with_rna,Y248S,-0.0109970905
Alpha,Y266F,-0.10046327
Beta,Y266F,-0.044455826
Delta,Y266F,-0.062372245
Epsilon,Y266F,-0.09030738
Gamma,Y266F,-0.007937944
Iota,Y266F,0.0608195
Lambda,Y266F,0.011538305
Mu,Y266F,-0.059467077
Omicron/BA.1,Y266F,-0.021744844
Omicron/BA.2,Y266F,-0.1240489
Omicron/BA.4+,Y266F,-0.091935925
Wild Type,Y266F,0.015477804
bivalent,Y266F,-0.07552901
bivalent_with_rna,Y266F,-0.02864406
cocktail,Y266F,0.0115014855
double_vax,Y266F,0.060551774
inactivated,Y266F,0.13067529
inactivated_with_rna,Y266F,-0.034786087
multiple_rna,Y266F,0.02198868
rna,Y266F,-0.045100763
single_vax,Y266F,0.017633714
unknown,Y266F,-0.034699913
vax_with_bivalent,Y266F,-0.018863868
vax_with_rna,Y266F,0.017036848
Alpha,Y28N,0.066456825
Beta,Y28N,-0.06245675
Delta,Y28N,-0.14193915
Epsilon,Y28N,0.05645723
Gamma,Y28N,-0.022280268
Iota,Y28N,-0.08121512
Lambda,Y28N,0.017760865
Mu,Y28N,-0.013842632
Omicron/BA.1,Y28N,0.06331029
Omicron/BA.2,Y28N,-0.010090392
Omicron/BA.4+,Y28N,-0.037284248
Wild Type,Y28N,0.06936807
bivalent,Y28N,-0.027957816
bivalent_with_rna,Y28N,0.08092084
cocktail,Y28N,0.111950025
double_vax,Y28N,0.023831453
inactivated,Y28N,-0.057255007
inactivated_with_rna,Y28N,0.013980487
multiple_rna,Y28N,0.033266827
rna,Y28N,-0.07178409
single_vax,Y28N,-0.024102218
unknown,Y28N,0.031805035
vax_with_bivalent,Y28N,-0.09615372
vax_with_rna,Y28N,-0.013811924
Alpha,Y449N,-0.018578988
Beta,Y449N,-0.051182564
Delta,Y449N,0.101822376
Epsilon,Y449N,-0.046688415
Gamma,Y449N,0.021260438
Iota,Y449N,0.040878113
Lambda,Y449N,0.018971447
Mu,Y449N,0.16236241
Omicron/BA.1,Y449N,-0.008122584
Omicron/BA.2,Y449N,-0.12182398
Omicron/BA.4+,Y449N,-0.07788982
Wild Type,Y449N,-0.040146083
bivalent,Y449N,0.083766766
bivalent_with_rna,Y449N,0.014884964
cocktail,Y449N,0.01672307
double_vax,Y449N,0.016609374
inactivated,Y449N,-0.05196852
inactivated_with_rna,Y449N,0.1455181
multiple_rna,Y449N,-0.04261264
rna,Y449N,0.04398406
single_vax,Y449N,0.011531942
unknown,Y449N,-0.029772058
vax_with_bivalent,Y449N,-0.039510608
vax_with_rna,Y449N,0.092568055
Alpha,Y453F,0.0059916433
Beta,Y453F,-0.031443845
Delta,Y453F,-0.0012990581
Epsilon,Y453F,0.014556103
Gamma,Y453F,-0.014720459
Iota,Y453F,0.017424423
Lambda,Y453F,0.06621564
Mu,Y453F,0.011986889
Omicron/BA.1,Y453F,-0.009702468
Omicron/BA.2,Y453F,0.042305678
Omicron/BA.4+,Y453F,0.09590988
Wild Type,Y453F,-0.05925064
bivalent,Y453F,-0.046154715
bivalent_with_rna,Y453F,0.010461181
cocktail,Y453F,-0.023163497
double_vax,Y453F,0.0735628
inactivated,Y453F,0.07806911
inactivated_with_rna,Y453F,-0.01628979
multiple_rna,Y453F,0.06846316
rna,Y453F,0.031942487
single_vax,Y453F,-0.039166093
unknown,Y453F,-0.052813694
vax_with_bivalent,Y453F,-0.0041809753
vax_with_rna,Y453F,0.041358586
Alpha,Y473F,-0.02537282
Beta,Y473F,-0.13727918
Delta,Y473F,-0.02656694
Epsilon,Y473F,-0.0719223
Gamma,Y473F,-0.05088184
Iota,Y473F,-0.0033502756
Lambda,Y473F,-0.0009788702
Mu,Y473F,-0.109827906
Omicron/BA.1,Y473F,0.019142583
Omicron/BA.2,Y473F,0.07521382
Omicron/BA.4+,Y473F,-0.0070325388
Wild Type,Y473F,0.061110847
bivalent,Y473F,0.04197324
bivalent_with_rna,Y473F,-0.003865782
cocktail,Y473F,0.14232546
double_vax,Y473F,0.022111557
inactivated,Y473F,0.047249388
inactivated_with_rna,Y473F,0.05161742
multiple_rna,Y473F,-0.0181136
rna,Y473F,-0.048551556
single_vax,Y473F,0.039095603
unknown,Y473F,0.051599443
vax_with_bivalent,Y473F,0.10383491
vax_with_rna,Y473F,-0.04098361
Alpha,Y489H,-0.06824524
Beta,Y489H,0.0038151697
Delta,Y489H,-0.013473278
Epsilon,Y489H,-0.017020024
Gamma,Y489H,-0.09315919
Iota,Y489H,-0.045682956
Lambda,Y489H,0.028014423
Mu,Y489H,-0.0005883296
Omicron/BA.1,Y489H,-0.017693175
Omicron/BA.2,Y489H,-0.024556316
Omicron/BA.4+,Y489H,-0.03594432
Wild Type,Y489H,0.096276864
bivalent,Y489H,-0.0073546143
bivalent_with_rna,Y489H,0.07555089
cocktail,Y489H,0.0078746155
double_vax,Y489H,0.046662122
inactivated,Y489H,0.1195894
inactivated_with_rna,Y489H,-0.0723651
multiple_rna,Y489H,0.052860834
rna,Y489H,-0.017586159
single_vax,Y489H,0.02178243
unknown,Y489H,0.0041152365
vax_with_bivalent,Y489H,0.021281559
vax_with_rna,Y489H,0.013195319
Alpha,Y505H,0.053818166
Beta,Y505H,0.0178409
Delta,Y505H,0.023192221
Epsilon,Y505H,0.052998595
Gamma,Y505H,-0.0036104424
Iota,Y505H,0.0045239804
Lambda,Y505H,0.05360789
Mu,Y505H,0.031460233
Omicron/BA.1,Y505H,-0.013319438
Omicron/BA.2,Y505H,-0.10307622
Omicron/BA.4+,Y505H,-0.020956064
Wild Type,Y505H,0.02355972
bivalent,Y505H,0.024252478
bivalent_with_rna,Y505H,0.011092128
cocktail,Y505H,0.009951413
double_vax,Y505H,0.022557387
inactivated,Y505H,0.0005505508
inactivated_with_rna,Y505H,-0.024598094
multiple_rna,Y505H,-0.019574523
rna,Y505H,0.016115593
single_vax,Y505H,0.03600941
unknown,Y505H,0.013268022
vax_with_bivalent,Y505H,0.04292681
vax_with_rna,Y505H,0.0545882
Alpha,Y505Y,0.02142495
Beta,Y505Y,-0.07960689
Delta,Y505Y,0.0014250646
Epsilon,Y505Y,0.037360035
Gamma,Y505Y,0.009003947
Iota,Y505Y,0.051884603
Lambda,Y505Y,0.04755345
Mu,Y505Y,-0.043462332
Omicron/BA.1,Y505Y,0.01238193
Omicron/BA.2,Y505Y,-0.018433081
Omicron/BA.4+,Y505Y,-0.020246586
Wild Type,Y505Y,-0.032716673
bivalent,Y505Y,-0.029800465
bivalent_with_rna,Y505Y,-0.032126993
cocktail,Y505Y,0.016944218
double_vax,Y505Y,-0.037226666
inactivated,Y505Y,-0.04916273
inactivated_with_rna,Y505Y,-0.07050979
multiple_rna,Y505Y,-0.024527058
rna,Y505Y,-0.04830888
single_vax,Y505Y,-0.049828827
unknown,Y505Y,-0.081586465
vax_with_bivalent,Y505Y,0.07030842
vax_with_rna,Y505Y,-0.016126005
Alpha,Y508F,0.06619051
Beta,Y508F,0.025647629
Delta,Y508F,-0.008107144
Epsilon,Y508F,0.0797498
Gamma,Y508F,-0.08746295
Iota,Y508F,0.048866156
Lambda,Y508F,-0.04784879
Mu,Y508F,-0.03642911
Omicron/BA.1,Y508F,-0.012780832
Omicron/BA.2,Y508F,0.006524658
Omicron/BA.4+,Y508F,0.1128095
Wild Type,Y508F,-0.06783037
bivalent,Y508F,-0.004865707
bivalent_with_rna,Y508F,-0.11433642
cocktail,Y508F,-0.042257078
double_vax,Y508F,-0.049098358
inactivated,Y508F,0.032183822
inactivated_with_rna,Y508F,-0.04762858
multiple_rna,Y508F,0.10571084
rna,Y508F,0.046488747
single_vax,Y508F,0.037843965
unknown,Y508F,0.0050223265
vax_with_bivalent,Y508F,-0.0290054
vax_with_rna,Y508F,0.040345114
Alpha,Y636H,0.01962905
Beta,Y636H,0.036692146
Delta,Y636H,-0.16019501
Epsilon,Y636H,0.016408397
Gamma,Y636H,-0.076809436
Iota,Y636H,0.012206461
Lambda,Y636H,0.079319306
Mu,Y636H,0.02621524
Omicron/BA.1,Y636H,-0.013197498
Omicron/BA.2,Y636H,0.099558115
Omicron/BA.4+,Y636H,0.024421241
Wild Type,Y636H,-0.002474044
bivalent,Y636H,-0.099335715
bivalent_with_rna,Y636H,0.07893236
cocktail,Y636H,-0.027482554
double_vax,Y636H,-0.044326354
inactivated,Y636H,-0.01592577
inactivated_with_rna,Y636H,0.07020318
multiple_rna,Y636H,0.08103594
rna,Y636H,-0.049873367
single_vax,Y636H,-0.04023336
unknown,Y636H,-0.08324929
vax_with_bivalent,Y636H,0.024726123
vax_with_rna,Y636H,0.029443968
Alpha,Δ136,-0.043053374
Beta,Δ136,0.0923665
Delta,Δ136,0.108494155
Epsilon,Δ136,0.04547617
Gamma,Δ136,0.03852072
Iota,Δ136,0.089345686
Lambda,Δ136,-0.0016512624
Mu,Δ136,-0.07333842
Omicron/BA.1,Δ136,-0.030247273
Omicron/BA.2,Δ136,-0.26316354
Omicron/BA.4+,Δ136,-0.039818846
Wild Type,Δ136,-0.074987665
bivalent,Δ136,0.06041181
bivalent_with_rna,Δ136,0.111862056
cocktail,Δ136,0.016562922
double_vax,Δ136,0.068265304
inactivated,Δ136,-0.03486975
inactivated_with_rna,Δ136,0.163873
multiple_rna,Δ136,0.006006222
rna,Δ136,-0.033139598
single_vax,Δ136,-0.011941124
unknown,Δ136,-0.041404933
vax_with_bivalent,Δ136,0.045183003
vax_with_rna,Δ136,0.092997834
Alpha,Δ137,-0.046481963
Beta,Δ137,0.056460634
Delta,Δ137,-0.054008834
Epsilon,Δ137,0.011028982
Gamma,Δ137,-0.045567192
Iota,Δ137,-0.10989839
Lambda,Δ137,-0.02608401
Mu,Δ137,-0.00695512
Omicron/BA.1,Δ137,0.14557149
Omicron/BA.2,Δ137,0.022100627
Omicron/BA.4+,Δ137,-0.01714246
Wild Type,Δ137,-0.06516658
bivalent,Δ137,0.06917379
bivalent_with_rna,Δ137,-0.063127615
cocktail,Δ137,0.050301492
double_vax,Δ137,-0.11220709
inactivated,Δ137,-0.012740724
inactivated_with_rna,Δ137,0.13674355
multiple_rna,Δ137,0.0033786446
rna,Δ137,0.12199785
single_vax,Δ137,0.080905266
unknown,Δ137,-0.0054293936
vax_with_bivalent,Δ137,-0.041563578
vax_with_rna,Δ137,-0.061459094
Alpha,Δ138,-0.087716326
Beta,Δ138,0.011912869
Delta,Δ138,-0.028740775
Epsilon,Δ138,0.011657041
Gamma,Δ138,0.07469411
Iota,Δ138,-0.04771699
Lambda,Δ138,0.0059846262
Mu,Δ138,-0.0012288657
Omicron/BA.1,Δ138,-0.015498187
Omicron/BA.2,Δ138,0.044139437
Omicron/BA.4+,Δ138,-0.076362
Wild Type,Δ138,0.052971654
bivalent,Δ138,-0.009171183
bivalent_with_rna,Δ138,0.0891168
cocktail,Δ138,-0.0005952659
double_vax,Δ138,-0.018476587
inactivated,Δ138,0.03266832
inactivated_with_rna,Δ138,-0.053095862
multiple_rna,Δ138,-0.06643353
rna,Δ138,-0.019526055
single_vax,Δ138,0.060189128
unknown,Δ138,0.052869342
vax_with_bivalent,Δ138,-0.055546034
vax_with_rna,Δ138,0.009323165
Alpha,Δ139,0.026078252
Beta,Δ139,-0.057935283
Delta,Δ139,0.014683309
Epsilon,Δ139,0.10596554
Gamma,Δ139,0.11581778
Iota,Δ139,-0.032396376
Lambda,Δ139,-0.108097866
Mu,Δ139,0.08665029
Omicron/BA.1,Δ139,0.0019611719
Omicron/BA.2,Δ139,-0.004357609
Omicron/BA.4+,Δ139,-0.044386044
Wild Type,Δ139,0.04385885
bivalent,Δ139,0.0031646565
bivalent_with_rna,Δ139,-0.026571611
cocktail,Δ139,-0.014067844
double_vax,Δ139,0.008756425
inactivated,Δ139,0.05315365
inactivated_with_rna,Δ139,-0.084141634
multiple_rna,Δ139,-0.041785546
rna,Δ139,-0.008563955
single_vax,Δ139,-0.035082154
unknown,Δ139,0.008924581
vax_with_bivalent,Δ139,0.07396909
vax_with_rna,Δ139,-0.11027819
Alpha,Δ140,-0.043950744
Beta,Δ140,-0.004915076
Delta,Δ140,-0.068211675
Epsilon,Δ140,-0.069481
Gamma,Δ140,0.016462456
Iota,Δ140,0.009350069
Lambda,Δ140,-0.05345942
Mu,Δ140,0.08992499
Omicron/BA.1,Δ140,0.044744167
Omicron/BA.2,Δ140,0.00818365
Omicron/BA.4+,Δ140,-0.05039342
Wild Type,Δ140,0.113768615
bivalent,Δ140,0.026138183
bivalent_with_rna,Δ140,0.0074233226
cocktail,Δ140,-0.027356554
double_vax,Δ140,0.051208004
inactivated,Δ140,0.12146707
inactivated_with_rna,Δ140,-0.036331683
multiple_rna,Δ140,0.018694436
rna,Δ140,-0.0048575276
single_vax,Δ140,-0.0011978506
unknown,Δ140,-0.040192742
vax_with_bivalent,Δ140,0.05145095
vax_with_rna,Δ140,-0.13354757
Alpha,Δ141,-0.03390567
Beta,Δ141,-0.0028544664
Delta,Δ141,-0.024991106
Epsilon,Δ141,-0.03008395
Gamma,Δ141,0.046240047
Iota,Δ141,-0.09431291
Lambda,Δ141,-0.014704747
Mu,Δ141,-0.003961351
Omicron/BA.1,Δ141,0.014505006
Omicron/BA.2,Δ141,0.14295255
Omicron/BA.4+,Δ141,0.11069388
Wild Type,Δ141,-0.030286372
bivalent,Δ141,0.036518015
bivalent_with_rna,Δ141,-0.011907348
cocktail,Δ141,-0.042337824
double_vax,Δ141,0.02273998
inactivated,Δ141,0.13354065
inactivated_with_rna,Δ141,-0.023352485
multiple_rna,Δ141,-0.058565326
rna,Δ141,-0.025119346
single_vax,Δ141,0.017814372
unknown,Δ141,-0.07870757
vax_with_bivalent,Δ141,0.038465276
vax_with_rna,Δ141,0.053465966
Alpha,Δ142,0.06919783
Beta,Δ142,-0.021078713
Delta,Δ142,-0.15882519
Epsilon,Δ142,0.015651934
Gamma,Δ142,0.1024014
Iota,Δ142,-0.007915723
Lambda,Δ142,0.022394784
Mu,Δ142,0.1416636
Omicron/BA.1,Δ142,-0.041131478
Omicron/BA.2,Δ142,0.10518892
Omicron/BA.4+,Δ142,0.009906818
Wild Type,Δ142,0.009082258
bivalent,Δ142,0.0022251764
bivalent_with_rna,Δ142,-0.03856615
cocktail,Δ142,-0.019353723
double_vax,Δ142,-0.08060886
inactivated,Δ142,-0.06342474
inactivated_with_rna,Δ142,0.04196344
multiple_rna,Δ142,-0.08462407
rna,Δ142,0.0465426
single_vax,Δ142,-0.008993488
unknown,Δ142,0.1573158
vax_with_bivalent,Δ142,-0.06682147
vax_with_rna,Δ142,0.07975318
Alpha,Δ143,-0.030067125
Beta,Δ143,0.01381543
Delta,Δ143,0.044519797
Epsilon,Δ143,0.09607779
Gamma,Δ143,0.036188025
Iota,Δ143,0.026460331
Lambda,Δ143,0.033372827
Mu,Δ143,0.107761905
Omicron/BA.1,Δ143,-0.021683697
Omicron/BA.2,Δ143,-0.038138404
Omicron/BA.4+,Δ143,0.02396042
Wild Type,Δ143,0.101756975
bivalent,Δ143,0.037325818
bivalent_with_rna,Δ143,0.00062894844
cocktail,Δ143,0.082570456
double_vax,Δ143,0.04360017
inactivated,Δ143,0.03190204
inactivated_with_rna,Δ143,-0.05980731
multiple_rna,Δ143,-0.0408514
rna,Δ143,-0.007734838
single_vax,Δ143,0.029341888
unknown,Δ143,0.060427945
vax_with_bivalent,Δ143,-0.026835386
vax_with_rna,Δ143,-0.023571027
Alpha,Δ144,0.13186803
Beta,Δ144,0.07906694
Delta,Δ144,0.08177855
Epsilon,Δ144,-0.0069715595
Gamma,Δ144,0.06645193
Iota,Δ144,-0.0104955435
Lambda,Δ144,0.15795699
Mu,Δ144,0.042822827
Omicron/BA.1,Δ144,0.058152325
Omicron/BA.2,Δ144,0.05339673
Omicron/BA.4+,Δ144,0.055678945
Wild Type,Δ144,0.073098645
bivalent,Δ144,0.05120325
bivalent_with_rna,Δ144,0.044030532
cocktail,Δ144,0.16029844
double_vax,Δ144,0.08370943
inactivated,Δ144,0.1017797
inactivated_with_rna,Δ144,0.10741371
multiple_rna,Δ144,0.11609863
rna,Δ144,0.07628871
single_vax,Δ144,0.11740328
unknown,Δ144,0.07522662
vax_with_bivalent,Δ144,0.10240779
vax_with_rna,Δ144,0.105959505
Alpha,Δ145,-0.039115984
Beta,Δ145,0.007624167
Delta,Δ145,0.02768847
Epsilon,Δ145,0.030810764
Gamma,Δ145,0.09127967
Iota,Δ145,0.028558182
Lambda,Δ145,-0.040940944
Mu,Δ145,-0.015682347
Omicron/BA.1,Δ145,-0.008279634
Omicron/BA.2,Δ145,-0.0016193683
Omicron/BA.4+,Δ145,0.023860555
Wild Type,Δ145,-0.051131807
bivalent,Δ145,-0.019235795
bivalent_with_rna,Δ145,-0.0012933814
cocktail,Δ145,0.0030161962
double_vax,Δ145,0.016155034
inactivated,Δ145,0.0047374107
inactivated_with_rna,Δ145,0.000971095
multiple_rna,Δ145,0.061257165
rna,Δ145,-0.04393958
single_vax,Δ145,-0.005817948
unknown,Δ145,-0.03854811
vax_with_bivalent,Δ145,-0.0031820182
vax_with_rna,Δ145,0.033591136
Alpha,Δ146,0.02909363
Beta,Δ146,-0.07469031
Delta,Δ146,0.029729858
Epsilon,Δ146,-0.05579436
Gamma,Δ146,0.0058445474
Iota,Δ146,0.1091652
Lambda,Δ146,0.0365239
Mu,Δ146,-0.12355095
Omicron/BA.1,Δ146,0.073656514
Omicron/BA.2,Δ146,-0.078555234
Omicron/BA.4+,Δ146,-0.05381938
Wild Type,Δ146,-0.03277098
bivalent,Δ146,-0.054016527
bivalent_with_rna,Δ146,0.026053354
cocktail,Δ146,0.057004414
double_vax,Δ146,0.05934423
inactivated,Δ146,0.02614824
inactivated_with_rna,Δ146,0.022694744
multiple_rna,Δ146,0.033482358
rna,Δ146,-0.12654914
single_vax,Δ146,-0.08520115
unknown,Δ146,-0.018880652
vax_with_bivalent,Δ146,-0.020478187
vax_with_rna,Δ146,-0.02979631
Alpha,Δ147,0.025832217
Beta,Δ147,0.020968294
Delta,Δ147,-0.027194295
Epsilon,Δ147,-0.025571056
Gamma,Δ147,-0.01788269
Iota,Δ147,0.019850124
Lambda,Δ147,-0.00073792646
Mu,Δ147,0.008089472
Omicron/BA.1,Δ147,0.07866627
Omicron/BA.2,Δ147,0.012032166
Omicron/BA.4+,Δ147,0.04974501
Wild Type,Δ147,-0.122306325
bivalent,Δ147,0.0054438002
bivalent_with_rna,Δ147,-0.035957105
cocktail,Δ147,-0.0049446244
double_vax,Δ147,0.021416113
inactivated,Δ147,0.06144512
inactivated_with_rna,Δ147,0.05100895
multiple_rna,Δ147,0.009238113
rna,Δ147,-0.049259275
single_vax,Δ147,0.005328622
unknown,Δ147,0.0028816252
vax_with_bivalent,Δ147,0.037203193
vax_with_rna,Δ147,0.11548028
Alpha,Δ150,-0.035961393
Beta,Δ150,0.01878235
Delta,Δ150,-0.04716843
Epsilon,Δ150,-0.10951451
Gamma,Δ150,-0.012916879
Iota,Δ150,0.011931153
Lambda,Δ150,-0.023378627
Mu,Δ150,0.012064747
Omicron/BA.1,Δ150,-0.076725125
Omicron/BA.2,Δ150,0.04616058
Omicron/BA.4+,Δ150,-0.053345647
Wild Type,Δ150,-0.05265011
bivalent,Δ150,-0.009681223
bivalent_with_rna,Δ150,-0.012937808
cocktail,Δ150,0.033089556
double_vax,Δ150,-0.060612176
inactivated,Δ150,0.027198192
inactivated_with_rna,Δ150,0.02535074
multiple_rna,Δ150,-0.014130734
rna,Δ150,-0.032794163
single_vax,Δ150,0.029206486
unknown,Δ150,-0.0616569
vax_with_bivalent,Δ150,0.003834078
vax_with_rna,Δ150,-0.029192772
Alpha,Δ151,0.048086867
Beta,Δ151,-0.08828333
Delta,Δ151,0.008802548
Epsilon,Δ151,0.02539145
Gamma,Δ151,0.03330781
Iota,Δ151,0.065781586
Lambda,Δ151,0.040748723
Mu,Δ151,-0.03044653
Omicron/BA.1,Δ151,-0.008528583
Omicron/BA.2,Δ151,-0.023234319
Omicron/BA.4+,Δ151,-0.0056163827
Wild Type,Δ151,-0.083203286
bivalent,Δ151,-0.09517264
bivalent_with_rna,Δ151,-0.0193422
cocktail,Δ151,0.0063909106
double_vax,Δ151,-0.02474082
inactivated,Δ151,0.01509898
inactivated_with_rna,Δ151,0.113713995
multiple_rna,Δ151,-0.06970799
rna,Δ151,-0.01679936
single_vax,Δ151,-0.013603927
unknown,Δ151,-0.15711915
vax_with_bivalent,Δ151,0.06946805
vax_with_rna,Δ151,0.001116667
Alpha,Δ152,-0.005341759
Beta,Δ152,0.04657451
Delta,Δ152,-0.102428235
Epsilon,Δ152,0.13490933
Gamma,Δ152,-0.05747379
Iota,Δ152,-0.06793695
Lambda,Δ152,-0.0018578563
Mu,Δ152,0.036878847
Omicron/BA.1,Δ152,-0.014774438
Omicron/BA.2,Δ152,0.06555023
Omicron/BA.4+,Δ152,-0.024305917
Wild Type,Δ152,0.03424154
bivalent,Δ152,0.047461063
bivalent_with_rna,Δ152,0.012567291
cocktail,Δ152,0.0014145318
double_vax,Δ152,-0.044102505
inactivated,Δ152,-0.17113777
inactivated_with_rna,Δ152,-0.03052089
multiple_rna,Δ152,0.04688074
rna,Δ152,-0.03018369
single_vax,Δ152,0.04287882
unknown,Δ152,-0.100843675
vax_with_bivalent,Δ152,0.13266563
vax_with_rna,Δ152,-0.056905605
Alpha,Δ156,0.024296813
Beta,Δ156,-0.009774879
Delta,Δ156,-0.026223876
Epsilon,Δ156,-0.0004949921
Gamma,Δ156,-0.060339652
Iota,Δ156,-0.071068175
Lambda,Δ156,0.009164993
Mu,Δ156,-0.00073945103
Omicron/BA.1,Δ156,-0.041310538
Omicron/BA.2,Δ156,-0.020995313
Omicron/BA.4+,Δ156,-0.088492885
Wild Type,Δ156,0.05591271
bivalent,Δ156,-0.03320122
bivalent_with_rna,Δ156,-0.023050051
cocktail,Δ156,-0.07694534
double_vax,Δ156,-0.053243354
inactivated,Δ156,0.041990742
inactivated_with_rna,Δ156,0.0024018409
multiple_rna,Δ156,0.046647314
rna,Δ156,-0.025559185
single_vax,Δ156,-0.10026091
unknown,Δ156,0.0452253
vax_with_bivalent,Δ156,-0.06564006
vax_with_rna,Δ156,0.055081405
Alpha,Δ157,-3.8714614e-05
Beta,Δ157,0.05535084
Delta,Δ157,-0.12164792
Epsilon,Δ157,0.07163501
Gamma,Δ157,-0.04527686
Iota,Δ157,0.039789192
Lambda,Δ157,0.074604996
Mu,Δ157,0.0801035
Omicron/BA.1,Δ157,-0.017740607
Omicron/BA.2,Δ157,-0.008131361
Omicron/BA.4+,Δ157,0.08934538
Wild Type,Δ157,0.013842908
bivalent,Δ157,-0.04365641
bivalent_with_rna,Δ157,-0.00534115
cocktail,Δ157,0.017462831
double_vax,Δ157,-0.009226689
inactivated,Δ157,0.0035620632
inactivated_with_rna,Δ157,0.015505949
multiple_rna,Δ157,0.050581574
rna,Δ157,0.0059778
single_vax,Δ157,-0.027264128
unknown,Δ157,0.07576229
vax_with_bivalent,Δ157,-0.0128647955
vax_with_rna,Δ157,-0.026188727
Alpha,Δ158,0.020893902
Beta,Δ158,-0.01061132
Delta,Δ158,-0.085986555
Epsilon,Δ158,0.0044666124
Gamma,Δ158,0.043369714
Iota,Δ158,0.007873714
Lambda,Δ158,0.0059435456
Mu,Δ158,0.04331439
Omicron/BA.1,Δ158,-0.044571113
Omicron/BA.2,Δ158,0.04720301
Omicron/BA.4+,Δ158,0.04849375
Wild Type,Δ158,-0.006273832
bivalent,Δ158,0.051503725
bivalent_with_rna,Δ158,0.013003562
cocktail,Δ158,0.019354977
double_vax,Δ158,-0.09108502
inactivated,Δ158,-0.028314112
inactivated_with_rna,Δ158,0.04309949
multiple_rna,Δ158,0.027026482
rna,Δ158,0.009637798
single_vax,Δ158,0.0188461
unknown,Δ158,0.010016991
vax_with_bivalent,Δ158,0.0043087415
vax_with_rna,Δ158,0.033487655
Alpha,Δ19,0.01955846
Beta,Δ19,0.078231566
Delta,Δ19,-0.12537804
Epsilon,Δ19,0.05136108
Gamma,Δ19,-0.022504322
Iota,Δ19,0.04080092
Lambda,Δ19,-0.04666836
Mu,Δ19,0.024998879
Omicron/BA.1,Δ19,-0.017470896
Omicron/BA.2,Δ19,0.032442153
Omicron/BA.4+,Δ19,0.018454377
Wild Type,Δ19,0.022099886
bivalent,Δ19,-0.05580902
bivalent_with_rna,Δ19,-0.13655284
cocktail,Δ19,-0.079689704
double_vax,Δ19,0.0008860277
inactivated,Δ19,0.04409475
inactivated_with_rna,Δ19,-0.07286571
multiple_rna,Δ19,-0.011963676
rna,Δ19,-0.10928274
single_vax,Δ19,-0.0060636736
unknown,Δ19,-0.05609081
vax_with_bivalent,Δ19,-0.1032672
vax_with_rna,Δ19,-0.059602473
Alpha,Δ210,0.051325526
Beta,Δ210,0.09000353
Delta,Δ210,0.047740776
Epsilon,Δ210,0.08525785
Gamma,Δ210,-0.044182494
Iota,Δ210,0.051088445
Lambda,Δ210,0.017567994
Mu,Δ210,-0.0818536
Omicron/BA.1,Δ210,0.055238184
Omicron/BA.2,Δ210,-0.09967856
Omicron/BA.4+,Δ210,0.01029766
Wild Type,Δ210,-0.09225824
bivalent,Δ210,0.006878702
bivalent_with_rna,Δ210,-0.0039037268
cocktail,Δ210,0.013090739
double_vax,Δ210,-0.053272482
inactivated,Δ210,-0.051918067
inactivated_with_rna,Δ210,0.057039656
multiple_rna,Δ210,-0.1296528
rna,Δ210,0.019053338
single_vax,Δ210,0.06493017
unknown,Δ210,0.040550172
vax_with_bivalent,Δ210,-0.05823051
vax_with_rna,Δ210,-0.1148262
Alpha,Δ211,-0.002489959
Beta,Δ211,-0.060181994
Delta,Δ211,-0.013616975
Epsilon,Δ211,0.04324301
Gamma,Δ211,0.035266947
Iota,Δ211,-0.1031668
Lambda,Δ211,0.03154924
Mu,Δ211,-0.059190664
Omicron/BA.1,Δ211,0.025838347
Omicron/BA.2,Δ211,-0.021739375
Omicron/BA.4+,Δ211,-0.01290626
Wild Type,Δ211,-0.02212725
bivalent,Δ211,0.05167652
bivalent_with_rna,Δ211,-0.01709974
cocktail,Δ211,0.10465171
double_vax,Δ211,-0.025447724
inactivated,Δ211,-0.108744204
inactivated_with_rna,Δ211,-0.011173114
multiple_rna,Δ211,-0.043580838
rna,Δ211,0.10558696
single_vax,Δ211,-0.06490603
unknown,Δ211,-0.023045508
vax_with_bivalent,Δ211,-0.00688034
vax_with_rna,Δ211,-0.049411856
Alpha,Δ212,-0.031504747
Beta,Δ212,0.09731677
Delta,Δ212,0.08910163
Epsilon,Δ212,0.07569439
Gamma,Δ212,0.06191665
Iota,Δ212,0.060790814
Lambda,Δ212,-0.029267376
Mu,Δ212,0.080982976
Omicron/BA.1,Δ212,0.11039311
Omicron/BA.2,Δ212,-0.011684595
Omicron/BA.4+,Δ212,0.014327026
Wild Type,Δ212,0.08283945
bivalent,Δ212,0.010213212
bivalent_with_rna,Δ212,0.068983436
cocktail,Δ212,-0.027071018
double_vax,Δ212,0.054283872
inactivated,Δ212,0.05821009
inactivated_with_rna,Δ212,-0.018583102
multiple_rna,Δ212,0.0065969285
rna,Δ212,0.02567782
single_vax,Δ212,0.049268134
unknown,Δ212,0.02683151
vax_with_bivalent,Δ212,-0.014897085
vax_with_rna,Δ212,0.021266421
Alpha,Δ24,0.06800115
Beta,Δ24,-0.07752175
Delta,Δ24,0.08808655
Epsilon,Δ24,-0.027998544
Gamma,Δ24,0.07086552
Iota,Δ24,0.049276352
Lambda,Δ24,0.07082958
Mu,Δ24,0.009504911
Omicron/BA.1,Δ24,0.07000572
Omicron/BA.2,Δ24,-0.042178947
Omicron/BA.4+,Δ24,0.06872776
Wild Type,Δ24,0.044748325
bivalent,Δ24,0.012481469
bivalent_with_rna,Δ24,-0.029379658
cocktail,Δ24,0.039001156
double_vax,Δ24,-0.054048475
inactivated,Δ24,0.002210484
inactivated_with_rna,Δ24,0.0171093
multiple_rna,Δ24,0.07660887
rna,Δ24,-0.050938316
single_vax,Δ24,0.010755457
unknown,Δ24,0.066354066
vax_with_bivalent,Δ24,-0.009512041
vax_with_rna,Δ24,-0.010965606
Alpha,Δ241,0.014559407
Beta,Δ241,-0.039119907
Delta,Δ241,-0.045354314
Epsilon,Δ241,0.0117866285
Gamma,Δ241,-0.07953879
Iota,Δ241,0.081595786
Lambda,Δ241,0.037705738
Mu,Δ241,0.06855432
Omicron/BA.1,Δ241,-0.035327613
Omicron/BA.2,Δ241,-0.0021821312
Omicron/BA.4+,Δ241,0.019164052
Wild Type,Δ241,-0.05038281
bivalent,Δ241,0.08455959
bivalent_with_rna,Δ241,-0.07026313
cocktail,Δ241,-0.07564465
double_vax,Δ241,-0.030366572
inactivated,Δ241,0.019301228
inactivated_with_rna,Δ241,-0.009022697
multiple_rna,Δ241,0.027833242
rna,Δ241,-0.019333128
single_vax,Δ241,0.049825475
unknown,Δ241,-0.1553109
vax_with_bivalent,Δ241,-0.029677108
vax_with_rna,Δ241,0.0404798
Alpha,Δ242,-0.101050355
Beta,Δ242,-0.15663727
Delta,Δ242,-0.017695503
Epsilon,Δ242,0.007926265
Gamma,Δ242,-0.0056280447
Iota,Δ242,-0.08438331
Lambda,Δ242,-0.03475933
Mu,Δ242,0.00473688
Omicron/BA.1,Δ242,0.0007865587
Omicron/BA.2,Δ242,0.051886912
Omicron/BA.4+,Δ242,-0.010949863
Wild Type,Δ242,0.045919463
bivalent,Δ242,-0.040510856
bivalent_with_rna,Δ242,-0.057066288
cocktail,Δ242,0.007539558
double_vax,Δ242,-0.001688173
inactivated,Δ242,-0.042799
inactivated_with_rna,Δ242,-0.0048220274
multiple_rna,Δ242,0.009669134
rna,Δ242,-0.053937323
single_vax,Δ242,0.03600838
unknown,Δ242,0.018241342
vax_with_bivalent,Δ242,-0.008489521
vax_with_rna,Δ242,0.045206632
Alpha,Δ243,0.010985474
Beta,Δ243,0.021482298
Delta,Δ243,0.0032057827
Epsilon,Δ243,-0.08385431
Gamma,Δ243,-0.06582325
Iota,Δ243,-0.057503965
Lambda,Δ243,-0.039069884
Mu,Δ243,-0.026517954
Omicron/BA.1,Δ243,0.01340831
Omicron/BA.2,Δ243,0.008048509
Omicron/BA.4+,Δ243,-0.01564908
Wild Type,Δ243,0.021957662
bivalent,Δ243,-0.005194445
bivalent_with_rna,Δ243,-0.018036302
cocktail,Δ243,0.06532461
double_vax,Δ243,0.026739348
inactivated,Δ243,0.0851114
inactivated_with_rna,Δ243,0.07089019
multiple_rna,Δ243,0.048852187
rna,Δ243,-0.052324306
single_vax,Δ243,-0.008691728
unknown,Δ243,0.00708458
vax_with_bivalent,Δ243,0.057505064
vax_with_rna,Δ243,-0.013631703
Alpha,Δ244,-0.0019748043
Beta,Δ244,-0.12735757
Delta,Δ244,0.022128845
Epsilon,Δ244,0.017712452
Gamma,Δ244,-0.027227499
Iota,Δ244,0.034498878
Lambda,Δ244,0.0641986
Mu,Δ244,0.062203437
Omicron/BA.1,Δ244,-0.12038191
Omicron/BA.2,Δ244,-0.07994008
Omicron/BA.4+,Δ244,0.042090073
Wild Type,Δ244,0.041111663
bivalent,Δ244,0.03649961
bivalent_with_rna,Δ244,0.00014577061
cocktail,Δ244,0.066378154
double_vax,Δ244,0.06125018
inactivated,Δ244,0.05624897
inactivated_with_rna,Δ244,0.07675931
multiple_rna,Δ244,-0.018442199
rna,Δ244,-0.042388216
single_vax,Δ244,0.008979151
unknown,Δ244,0.06562816
vax_with_bivalent,Δ244,-0.02027597
vax_with_rna,Δ244,0.095347725
Alpha,Δ245,0.07634614
Beta,Δ245,-0.023545453
Delta,Δ245,-0.027039686
Epsilon,Δ245,0.014632169
Gamma,Δ245,-0.001607395
Iota,Δ245,-0.044462655
Lambda,Δ245,-0.008951556
Mu,Δ245,0.014461665
Omicron/BA.1,Δ245,0.013191967
Omicron/BA.2,Δ245,-0.06690813
Omicron/BA.4+,Δ245,0.069723584
Wild Type,Δ245,0.019645477
bivalent,Δ245,0.13794518
bivalent_with_rna,Δ245,-0.026947826
cocktail,Δ245,0.13221684
double_vax,Δ245,0.062303245
inactivated,Δ245,-0.029555632
inactivated_with_rna,Δ245,-0.021090567
multiple_rna,Δ245,-0.0055335755
rna,Δ245,-0.010312041
single_vax,Δ245,0.021002065
unknown,Δ245,-0.0024893521
vax_with_bivalent,Δ245,0.08390445
vax_with_rna,Δ245,0.015176789
Alpha,Δ246,0.042027287
Beta,Δ246,0.023777582
Delta,Δ246,0.06428832
Epsilon,Δ246,-0.005427651
Gamma,Δ246,0.021128189
Iota,Δ246,0.0646413
Lambda,Δ246,0.02472404
Mu,Δ246,-0.017324295
Omicron/BA.1,Δ246,0.044251725
Omicron/BA.2,Δ246,-0.05914073
Omicron/BA.4+,Δ246,0.054325856
Wild Type,Δ246,0.004859354
bivalent,Δ246,0.0008095647
bivalent_with_rna,Δ246,0.04397267
cocktail,Δ246,0.001175194
double_vax,Δ246,0.0026536807
inactivated,Δ246,0.055171967
inactivated_with_rna,Δ246,-0.039813768
multiple_rna,Δ246,0.12534705
rna,Δ246,-0.0056841196
single_vax,Δ246,-0.006477494
unknown,Δ246,-0.0074534863
vax_with_bivalent,Δ246,-0.0033085933
vax_with_rna,Δ246,0.079325974
Alpha,Δ247,-0.011741801
Beta,Δ247,0.0025352095
Delta,Δ247,-0.101914324
Epsilon,Δ247,0.052097697
Gamma,Δ247,0.053023208
Iota,Δ247,0.037343614
Lambda,Δ247,0.10939003
Mu,Δ247,-0.067010134
Omicron/BA.1,Δ247,0.030004416
Omicron/BA.2,Δ247,0.06270323
Omicron/BA.4+,Δ247,0.024309976
Wild Type,Δ247,0.004985176
bivalent,Δ247,0.0059019206
bivalent_with_rna,Δ247,-0.011705516
cocktail,Δ247,0.029555108
double_vax,Δ247,0.024119746
inactivated,Δ247,-0.15710156
inactivated_with_rna,Δ247,0.059236303
multiple_rna,Δ247,-0.008167384
rna,Δ247,0.0125353765
single_vax,Δ247,-0.015735641
unknown,Δ247,0.10172628
vax_with_bivalent,Δ247,-0.07241768
vax_with_rna,Δ247,0.11567642
Alpha,Δ248,0.009656468
Beta,Δ248,-0.0027375836
Delta,Δ248,-0.07495351
Epsilon,Δ248,-0.02810815
Gamma,Δ248,0.059544675
Iota,Δ248,-0.02313562
Lambda,Δ248,0.046737403
Mu,Δ248,-0.03648286
Omicron/BA.1,Δ248,0.08465213
Omicron/BA.2,Δ248,0.025893817
Omicron/BA.4+,Δ248,0.018414076
Wild Type,Δ248,-0.07672619
bivalent,Δ248,0.0019209869
bivalent_with_rna,Δ248,-0.06980179
cocktail,Δ248,0.07604355
double_vax,Δ248,0.010059766
inactivated,Δ248,0.026194634
inactivated_with_rna,Δ248,0.021652715
multiple_rna,Δ248,-0.051999185
rna,Δ248,-0.07827162
single_vax,Δ248,0.016632067
unknown,Δ248,-0.05984869
vax_with_bivalent,Δ248,-0.030555647
vax_with_rna,Δ248,0.0024725883
Alpha,Δ249,0.20968941
Beta,Δ249,0.048261818
Delta,Δ249,0.00823304
Epsilon,Δ249,-0.06258399
Gamma,Δ249,-0.07607536
Iota,Δ249,-0.10702937
Lambda,Δ249,0.021757364
Mu,Δ249,0.040105682
Omicron/BA.1,Δ249,-0.0016395766
Omicron/BA.2,Δ249,-0.004786905
Omicron/BA.4+,Δ249,0.09200478
Wild Type,Δ249,0.002092084
bivalent,Δ249,-0.048091203
bivalent_with_rna,Δ249,-0.039679103
cocktail,Δ249,-0.011255408
double_vax,Δ249,-0.031104311
inactivated,Δ249,-0.1395868
inactivated_with_rna,Δ249,0.012975388
multiple_rna,Δ249,0.011210112
rna,Δ249,-0.03234096
single_vax,Δ249,0.002377564
unknown,Δ249,0.063939914
vax_with_bivalent,Δ249,-0.12859009
vax_with_rna,Δ249,-0.046742577
Alpha,Δ25,0.056507844
Beta,Δ25,0.009010603
Delta,Δ25,0.07245294
Epsilon,Δ25,0.030859584
Gamma,Δ25,-0.0026882216
Iota,Δ25,0.018949838
Lambda,Δ25,0.031773135
Mu,Δ25,-0.012750164
Omicron/BA.1,Δ25,0.03029824
Omicron/BA.2,Δ25,0.0396719
Omicron/BA.4+,Δ25,0.0036783912
Wild Type,Δ25,-0.039406203
bivalent,Δ25,0.007359853
bivalent_with_rna,Δ25,0.017025316
cocktail,Δ25,-0.026528718
double_vax,Δ25,-0.015542639
inactivated,Δ25,-0.008825755
inactivated_with_rna,Δ25,0.03108926
multiple_rna,Δ25,0.016208783
rna,Δ25,0.008771921
single_vax,Δ25,0.043332078
unknown,Δ25,0.0027092164
vax_with_bivalent,Δ25,-0.0058003645
vax_with_rna,Δ25,0.0010776212
Alpha,Δ250,0.081864454
Beta,Δ250,0.07709973
Delta,Δ250,-0.024062054
Epsilon,Δ250,-0.022490894
Gamma,Δ250,-0.014505314
Iota,Δ250,-0.055602334
Lambda,Δ250,-0.0017529046
Mu,Δ250,-0.11764247
Omicron/BA.1,Δ250,-0.063742466
Omicron/BA.2,Δ250,-0.019113068
Omicron/BA.4+,Δ250,0.006296576
Wild Type,Δ250,-0.05707423
bivalent,Δ250,0.021457365
bivalent_with_rna,Δ250,0.061237983
cocktail,Δ250,-0.028201442
double_vax,Δ250,0.031961456
inactivated,Δ250,0.06410371
inactivated_with_rna,Δ250,0.10764636
multiple_rna,Δ250,0.010361228
rna,Δ250,0.0025444534
single_vax,Δ250,-0.03155896
unknown,Δ250,0.055593845
vax_with_bivalent,Δ250,0.023420837
vax_with_rna,Δ250,-0.03598594
Alpha,Δ251,-0.023401523
Beta,Δ251,-0.03304875
Delta,Δ251,0.059747018
Epsilon,Δ251,-0.041040648
Gamma,Δ251,-0.019545656
Iota,Δ251,-0.11516541
Lambda,Δ251,-0.032069586
Mu,Δ251,-0.018516026
Omicron/BA.1,Δ251,-0.081708506
Omicron/BA.2,Δ251,-0.041677922
Omicron/BA.4+,Δ251,0.06375313
Wild Type,Δ251,-0.005758743
bivalent,Δ251,0.025896315
bivalent_with_rna,Δ251,0.024393085
cocktail,Δ251,-0.07227222
double_vax,Δ251,-0.05168018
inactivated,Δ251,-0.0046578916
inactivated_with_rna,Δ251,0.098074354
multiple_rna,Δ251,0.036964532
rna,Δ251,-0.055791363
single_vax,Δ251,-0.019004729
unknown,Δ251,-0.023311213
vax_with_bivalent,Δ251,0.023694914
vax_with_rna,Δ251,0.10626756
Alpha,Δ252,0.023796145
Beta,Δ252,0.04092599
Delta,Δ252,-0.007444049
Epsilon,Δ252,-0.0974079
Gamma,Δ252,0.004646316
Iota,Δ252,-0.06650379
Lambda,Δ252,0.100812055
Mu,Δ252,-0.1392945
Omicron/BA.1,Δ252,-0.010775594
Omicron/BA.2,Δ252,-0.008860424
Omicron/BA.4+,Δ252,-0.00426725
Wild Type,Δ252,-0.009574071
bivalent,Δ252,0.04007655
bivalent_with_rna,Δ252,-0.16023931
cocktail,Δ252,0.07960792
double_vax,Δ252,-0.008365309
inactivated,Δ252,0.093780234
inactivated_with_rna,Δ252,0.12382032
multiple_rna,Δ252,0.033503827
rna,Δ252,-0.109310046
single_vax,Δ252,0.020256255
unknown,Δ252,0.038705714
vax_with_bivalent,Δ252,-0.08010555
vax_with_rna,Δ252,0.096356034
Alpha,Δ253,0.02957146
Beta,Δ253,-0.0848828
Delta,Δ253,-0.01407739
Epsilon,Δ253,-0.022793474
Gamma,Δ253,-0.028663294
Iota,Δ253,0.025939224
Lambda,Δ253,-0.038111605
Mu,Δ253,0.02203957
Omicron/BA.1,Δ253,-0.0485487
Omicron/BA.2,Δ253,0.026223553
Omicron/BA.4+,Δ253,0.054142334
Wild Type,Δ253,0.040904168
bivalent,Δ253,0.028437229
bivalent_with_rna,Δ253,0.028035682
cocktail,Δ253,-0.02387478
double_vax,Δ253,-0.011364955
inactivated,Δ253,0.028746087
inactivated_with_rna,Δ253,-0.026443306
multiple_rna,Δ253,-0.040671416
rna,Δ253,-0.027862333
single_vax,Δ253,-0.1470185
unknown,Δ253,-0.010129616
vax_with_bivalent,Δ253,-0.038202375
vax_with_rna,Δ253,-0.017381
Alpha,Δ254,0.039887097
Beta,Δ254,-0.09750708
Delta,Δ254,0.04878669
Epsilon,Δ254,0.03987473
Gamma,Δ254,-0.010943282
Iota,Δ254,-0.04586009
Lambda,Δ254,-0.08584995
Mu,Δ254,0.069668956
Omicron/BA.1,Δ254,0.07479602
Omicron/BA.2,Δ254,-0.00093463063
Omicron/BA.4+,Δ254,0.07804949
Wild Type,Δ254,0.06442124
bivalent,Δ254,-0.030453028
bivalent_with_rna,Δ254,0.042972546
cocktail,Δ254,-0.0038127322
double_vax,Δ254,-0.008353235
inactivated,Δ254,-0.09068828
inactivated_with_rna,Δ254,-0.0338854
multiple_rna,Δ254,-0.012051871
rna,Δ254,-0.005397681
single_vax,Δ254,-0.013896124
unknown,Δ254,0.055002887
vax_with_bivalent,Δ254,0.014571562
vax_with_rna,Δ254,-0.0572363
Alpha,Δ255,0.116544075
Beta,Δ255,-0.02813312
Delta,Δ255,-0.054113723
Epsilon,Δ255,-0.13483614
Gamma,Δ255,0.14186193
Iota,Δ255,-0.08591051
Lambda,Δ255,-0.05614814
Mu,Δ255,-0.0029956421
Omicron/BA.1,Δ255,0.03422149
Omicron/BA.2,Δ255,-0.047537304
Omicron/BA.4+,Δ255,-0.019414825
Wild Type,Δ255,-0.009109138
bivalent,Δ255,-0.025402052
bivalent_with_rna,Δ255,-0.06706783
cocktail,Δ255,0.04938084
double_vax,Δ255,-0.040636692
inactivated,Δ255,-0.08685745
inactivated_with_rna,Δ255,-0.06439336
multiple_rna,Δ255,0.146333
rna,Δ255,-0.0258345
single_vax,Δ255,0.02149428
unknown,Δ255,-0.00065900106
vax_with_bivalent,Δ255,0.023101117
vax_with_rna,Δ255,0.036190502
Alpha,Δ256,-0.04790665
Beta,Δ256,-0.142175
Delta,Δ256,-0.050314642
Epsilon,Δ256,-0.09157379
Gamma,Δ256,0.083456114
Iota,Δ256,-0.029580109
Lambda,Δ256,-0.06969052
Mu,Δ256,0.010320359
Omicron/BA.1,Δ256,-0.030256998
Omicron/BA.2,Δ256,0.007711176
Omicron/BA.4+,Δ256,-0.015774632
Wild Type,Δ256,-0.03458916
bivalent,Δ256,-0.029610382
bivalent_with_rna,Δ256,-0.033335984
cocktail,Δ256,0.020538678
double_vax,Δ256,-0.07027099
inactivated,Δ256,-0.004156052
inactivated_with_rna,Δ256,0.077723876
multiple_rna,Δ256,0.08448621
rna,Δ256,-0.03391062
single_vax,Δ256,-0.020061992
unknown,Δ256,-0.01243535
vax_with_bivalent,Δ256,0.0960434
vax_with_rna,Δ256,-0.076828405
Alpha,Δ257,0.11998359
Beta,Δ257,-0.005416405
Delta,Δ257,0.07955221
Epsilon,Δ257,-0.042716824
Gamma,Δ257,-0.006563794
Iota,Δ257,-0.04838903
Lambda,Δ257,-0.01325885
Mu,Δ257,-0.040425062
Omicron/BA.1,Δ257,-0.0039404733
Omicron/BA.2,Δ257,-0.00743737
Omicron/BA.4+,Δ257,-0.026328523
Wild Type,Δ257,-0.098069936
bivalent,Δ257,0.012601418
bivalent_with_rna,Δ257,0.05135451
cocktail,Δ257,-0.11749612
double_vax,Δ257,0.011042579
inactivated,Δ257,-0.023726268
inactivated_with_rna,Δ257,0.053072043
multiple_rna,Δ257,0.10944227
rna,Δ257,-0.040221114
single_vax,Δ257,-0.006610727
unknown,Δ257,0.033916112
vax_with_bivalent,Δ257,-0.030191611
vax_with_rna,Δ257,-0.04704447
Alpha,Δ26,0.068592064
Beta,Δ26,-0.023675945
Delta,Δ26,0.05865051
Epsilon,Δ26,0.016338473
Gamma,Δ26,-0.0124838315
Iota,Δ26,0.020255819
Lambda,Δ26,0.029896274
Mu,Δ26,0.005548888
Omicron/BA.1,Δ26,0.0069991583
Omicron/BA.2,Δ26,-0.022303484
Omicron/BA.4+,Δ26,-0.015019075
Wild Type,Δ26,-0.019930653
bivalent,Δ26,0.0118573895
bivalent_with_rna,Δ26,0.019425811
cocktail,Δ26,0.004029313
double_vax,Δ26,0.00045801047
inactivated,Δ26,0.00092450506
inactivated_with_rna,Δ26,0.07343942
multiple_rna,Δ26,-0.003761243
rna,Δ26,0.025646951
single_vax,Δ26,0.03648728
unknown,Δ26,-0.0070650154
vax_with_bivalent,Δ26,0.024481602
vax_with_rna,Δ26,0.008577106
Alpha,Δ27,0.040554225
Beta,Δ27,0.051867303
Delta,Δ27,0.016319985
Epsilon,Δ27,-0.040978692
Gamma,Δ27,0.023746863
Iota,Δ27,0.114814445
Lambda,Δ27,-0.034663733
Mu,Δ27,-0.016421387
Omicron/BA.1,Δ27,0.032908075
Omicron/BA.2,Δ27,0.030207196
Omicron/BA.4+,Δ27,-0.01642901
Wild Type,Δ27,0.0136925075
bivalent,Δ27,0.013863758
bivalent_with_rna,Δ27,0.011726515
cocktail,Δ27,-0.055103905
double_vax,Δ27,0.0050369278
inactivated,Δ27,0.0017198587
inactivated_with_rna,Δ27,-0.028084699
multiple_rna,Δ27,0.029184721
rna,Δ27,0.019173406
single_vax,Δ27,0.04140431
unknown,Δ27,-0.025236188
vax_with_bivalent,Δ27,-0.017642125
vax_with_rna,Δ27,0.026831077
Alpha,Δ483,0.025082275
Beta,Δ483,0.07025073
Delta,Δ483,0.10505319
Epsilon,Δ483,-0.047437422
Gamma,Δ483,-0.021358907
Iota,Δ483,-0.025029704
Lambda,Δ483,0.10266511
Mu,Δ483,0.03997452
Omicron/BA.1,Δ483,-0.014319036
Omicron/BA.2,Δ483,-0.07410286
Omicron/BA.4+,Δ483,-0.06015036
Wild Type,Δ483,0.093436174
bivalent,Δ483,0.060003113
bivalent_with_rna,Δ483,-0.00096653355
cocktail,Δ483,-0.065889955
double_vax,Δ483,0.029459985
inactivated,Δ483,-0.012647219
inactivated_with_rna,Δ483,0.06991529
multiple_rna,Δ483,-0.061544374
rna,Δ483,-0.009110858
single_vax,Δ483,0.023191635
unknown,Δ483,0.01896519
vax_with_bivalent,Δ483,0.09466957
vax_with_rna,Δ483,0.05441904
Alpha,Δ681,0.024206085
Beta,Δ681,0.07478454
Delta,Δ681,0.018001186
Epsilon,Δ681,-0.0025572192
Gamma,Δ681,-0.084726706
Iota,Δ681,0.04706157
Lambda,Δ681,0.046487466
Mu,Δ681,0.035056747
Omicron/BA.1,Δ681,-0.002588124
Omicron/BA.2,Δ681,-0.09376785
Omicron/BA.4+,Δ681,0.04741101
Wild Type,Δ681,0.07003759
bivalent,Δ681,0.0035349615
bivalent_with_rna,Δ681,0.04200287
cocktail,Δ681,0.03808576
double_vax,Δ681,-0.056998797
inactivated,Δ681,-0.057229973
inactivated_with_rna,Δ681,-0.009379923
multiple_rna,Δ681,-0.033044137
rna,Δ681,-0.021485953
single_vax,Δ681,0.024505612
unknown,Δ681,-0.095245264
vax_with_bivalent,Δ681,0.0019186761
vax_with_rna,Δ681,0.03251378
Alpha,Δ682,0.036170803
Beta,Δ682,0.018979318
Delta,Δ682,0.060101084
Epsilon,Δ682,0.0023884214
Gamma,Δ682,-0.0042325333
Iota,Δ682,-0.073133044
Lambda,Δ682,0.07651436
Mu,Δ682,0.051543213
Omicron/BA.1,Δ682,-0.0015965467
Omicron/BA.2,Δ682,-0.05427873
Omicron/BA.4+,Δ682,-0.0014084335
Wild Type,Δ682,-0.076503046
bivalent,Δ682,0.05220764
bivalent_with_rna,Δ682,-0.015809923
cocktail,Δ682,-0.038445976
double_vax,Δ682,0.03757181
inactivated,Δ682,0.015945155
inactivated_with_rna,Δ682,0.05788303
multiple_rna,Δ682,0.033797607
rna,Δ682,-0.04373688
single_vax,Δ682,-0.012673863
unknown,Δ682,-0.006634037
vax_with_bivalent,Δ682,0.013049949
vax_with_rna,Δ682,0.0043174285
Alpha,Δ683,-0.042063314
Beta,Δ683,-0.070903376
Delta,Δ683,0.013078107
Epsilon,Δ683,0.016266251
Gamma,Δ683,-0.068811744
Iota,Δ683,-0.05684461
Lambda,Δ683,0.013186114
Mu,Δ683,-0.019592106
Omicron/BA.1,Δ683,-0.032368153
Omicron/BA.2,Δ683,-0.012805438
Omicron/BA.4+,Δ683,0.14211665
Wild Type,Δ683,-0.019054383
bivalent,Δ683,0.009933563
bivalent_with_rna,Δ683,-0.0030299888
cocktail,Δ683,-0.04856425
double_vax,Δ683,-0.004167189
inactivated,Δ683,0.106990695
inactivated_with_rna,Δ683,0.030335994
multiple_rna,Δ683,-0.02804922
rna,Δ683,-0.008149695
single_vax,Δ683,0.011285184
unknown,Δ683,-0.022679579
vax_with_bivalent,Δ683,0.024929151
vax_with_rna,Δ683,-0.03768505
Alpha,Δ684,-0.005166892
Beta,Δ684,-0.054240562
Delta,Δ684,-0.021613516
Epsilon,Δ684,0.016616277
Gamma,Δ684,0.0456402
Iota,Δ684,-0.03291524
Lambda,Δ684,0.05008694
Mu,Δ684,0.0406288
Omicron/BA.1,Δ684,0.11874575
Omicron/BA.2,Δ684,0.13936315
Omicron/BA.4+,Δ684,-0.011554245
Wild Type,Δ684,-0.0035255086
bivalent,Δ684,0.0074212668
bivalent_with_rna,Δ684,-0.013417942
cocktail,Δ684,-0.029511118
double_vax,Δ684,-0.022561181
inactivated,Δ684,-0.11217822
inactivated_with_rna,Δ684,0.009161865
multiple_rna,Δ684,-0.0063113216
rna,Δ684,-0.025698932
single_vax,Δ684,0.014865752
unknown,Δ684,-0.13632739
vax_with_bivalent,Δ684,-0.06771476
vax_with_rna,Δ684,0.072946504
Alpha,Δ69,0.0023191883
Beta,Δ69,-0.09155506
Delta,Δ69,-0.022345504
Epsilon,Δ69,0.012581421
Gamma,Δ69,0.015197311
Iota,Δ69,-0.1025099
Lambda,Δ69,0.00079996465
Mu,Δ69,0.022096835
Omicron/BA.1,Δ69,-0.008650232
Omicron/BA.2,Δ69,-0.047485422
Omicron/BA.4+,Δ69,-0.066468135
Wild Type,Δ69,-0.032599986
bivalent,Δ69,0.00016650325
bivalent_with_rna,Δ69,-0.022711497
cocktail,Δ69,0.05369157
double_vax,Δ69,0.007251915
inactivated,Δ69,0.00150715
inactivated_with_rna,Δ69,0.005862265
multiple_rna,Δ69,0.0018973202
rna,Δ69,-0.061759632
single_vax,Δ69,0.008996788
unknown,Δ69,-0.014308384
vax_with_bivalent,Δ69,0.017659055
vax_with_rna,Δ69,0.06866847
Alpha,Δ70,-0.018870499
Beta,Δ70,0.0016250275
Delta,Δ70,-0.0014714992
Epsilon,Δ70,-0.04872922
Gamma,Δ70,-0.009804414
Iota,Δ70,-0.012779533
Lambda,Δ70,-0.023947028
Mu,Δ70,0.05068177
Omicron/BA.1,Δ70,-0.0600104
Omicron/BA.2,Δ70,0.016601143
Omicron/BA.4+,Δ70,0.0060866848
Wild Type,Δ70,-0.0603668
bivalent,Δ70,-0.03204281
bivalent_with_rna,Δ70,0.020094443
cocktail,Δ70,0.014417694
double_vax,Δ70,0.02469992
inactivated,Δ70,-0.044434328
inactivated_with_rna,Δ70,-0.060844682
multiple_rna,Δ70,-0.021843743
rna,Δ70,-0.020555973
single_vax,Δ70,0.028752003
unknown,Δ70,-0.08848525
vax_with_bivalent,Δ70,0.025689766
vax_with_rna,Δ70,0.0045801606
Alpha,Δ72,-0.031024657
Beta,Δ72,-0.011343615
Delta,Δ72,0.020755777
Epsilon,Δ72,0.004223028
Gamma,Δ72,-0.05670305
Iota,Δ72,-0.03376393
Lambda,Δ72,0.091006175
Mu,Δ72,0.04197608
Omicron/BA.1,Δ72,0.06720385
Omicron/BA.2,Δ72,0.0010425032
Omicron/BA.4+,Δ72,-0.053238664
Wild Type,Δ72,0.10530124
bivalent,Δ72,-0.007274242
bivalent_with_rna,Δ72,0.01916649
cocktail,Δ72,0.07910685
double_vax,Δ72,0.0045326436
inactivated,Δ72,0.00047085294
inactivated_with_rna,Δ72,0.015954144
multiple_rna,Δ72,-0.05842249
rna,Δ72,-0.021362396
single_vax,Δ72,0.006516543
unknown,Δ72,-0.0064686164
vax_with_bivalent,Δ72,0.034344204
vax_with_rna,Δ72,0.02842655
Alpha,Δ73,0.011064694
Beta,Δ73,-0.0059734546
Delta,Δ73,0.038679782
Epsilon,Δ73,-0.05579006
Gamma,Δ73,-0.034679066
Iota,Δ73,-0.083696984
Lambda,Δ73,0.034474738
Mu,Δ73,0.045337155
Omicron/BA.1,Δ73,0.05840732
Omicron/BA.2,Δ73,0.1398522
Omicron/BA.4+,Δ73,0.008823085
Wild Type,Δ73,-0.037055813
bivalent,Δ73,0.016177475
bivalent_with_rna,Δ73,0.01829114
cocktail,Δ73,0.03548895
double_vax,Δ73,-0.044575013
inactivated,Δ73,0.10587469
inactivated_with_rna,Δ73,0.038713172
multiple_rna,Δ73,0.045223493
rna,Δ73,0.003971232
single_vax,Δ73,-0.016397726
unknown,Δ73,-0.0096016545
vax_with_bivalent,Δ73,-0.030707706
vax_with_rna,Δ73,-0.03266959
Alpha,Δ74,-0.13098758
Beta,Δ74,-0.022323543
Delta,Δ74,-0.021986445
Epsilon,Δ74,0.045779567
Gamma,Δ74,-0.08050333
Iota,Δ74,0.046976157
Lambda,Δ74,0.03964445
Mu,Δ74,-0.02989583
Omicron/BA.1,Δ74,0.034603767
Omicron/BA.2,Δ74,0.09343186
Omicron/BA.4+,Δ74,0.030299041
Wild Type,Δ74,-0.016757
bivalent,Δ74,-0.045135137
bivalent_with_rna,Δ74,0.020024696
cocktail,Δ74,-0.008544128
double_vax,Δ74,-0.005336569
inactivated,Δ74,0.05700386
inactivated_with_rna,Δ74,-0.020469394
multiple_rna,Δ74,0.053041194
rna,Δ74,-0.005292747
single_vax,Δ74,0.021352708
unknown,Δ74,0.025143152
vax_with_bivalent,Δ74,0.083566025
vax_with_rna,Δ74,-0.0013147029
Alpha,Δ75,0.046649527
Beta,Δ75,-0.0031838792
Delta,Δ75,0.049973268
Epsilon,Δ75,-0.07427828
Gamma,Δ75,-0.031638194
Iota,Δ75,-0.035261247
Lambda,Δ75,0.027652308
Mu,Δ75,0.0309725
Omicron/BA.1,Δ75,-0.085766576
Omicron/BA.2,Δ75,0.024070928
Omicron/BA.4+,Δ75,0.032473873
Wild Type,Δ75,0.10495819
bivalent,Δ75,0.032371975
bivalent_with_rna,Δ75,0.028346663
cocktail,Δ75,-0.029386964
double_vax,Δ75,-0.045762222
inactivated,Δ75,0.028813573
inactivated_with_rna,Δ75,0.09639293
multiple_rna,Δ75,0.05207298
rna,Δ75,-0.0018322794
single_vax,Δ75,0.018664815
unknown,Δ75,-0.033399668
vax_with_bivalent,Δ75,-0.032968707
vax_with_rna,Δ75,0.027491331
Alpha,Δ76,0.07408202
Beta,Δ76,0.06775756
Delta,Δ76,-0.12665237
Epsilon,Δ76,0.058300763
Gamma,Δ76,-0.029097214
Iota,Δ76,0.004307616
Lambda,Δ76,-0.0390125
Mu,Δ76,0.061872542
Omicron/BA.1,Δ76,-0.14317891
Omicron/BA.2,Δ76,0.0026738644
Omicron/BA.4+,Δ76,-0.14413835
Wild Type,Δ76,0.09193611
bivalent,Δ76,-0.01093287
bivalent_with_rna,Δ76,-0.0029609152
cocktail,Δ76,0.047149826
double_vax,Δ76,-0.004817741
inactivated,Δ76,0.10693995
inactivated_with_rna,Δ76,-0.028087704
multiple_rna,Δ76,-0.055576786
rna,Δ76,-0.023628283
single_vax,Δ76,-0.0044370824
unknown,Δ76,0.008936279
vax_with_bivalent,Δ76,0.034875676
vax_with_rna,Δ76,0.09774575
Alpha,Δ77,-0.010746268
Beta,Δ77,0.0128981285
Delta,Δ77,-0.036769547
Epsilon,Δ77,-0.051625773
Gamma,Δ77,0.026267387
Iota,Δ77,-0.0074131093
Lambda,Δ77,0.00516521
Mu,Δ77,0.029308584
Omicron/BA.1,Δ77,0.026540875
Omicron/BA.2,Δ77,-0.11402515
Omicron/BA.4+,Δ77,-0.023165332
Wild Type,Δ77,0.0655057
bivalent,Δ77,0.046160117
bivalent_with_rna,Δ77,-0.040063508
cocktail,Δ77,-0.049443375
double_vax,Δ77,0.055745337
inactivated,Δ77,0.01105032
inactivated_with_rna,Δ77,-0.006523829
multiple_rna,Δ77,-0.020328969
rna,Δ77,-0.018886385
single_vax,Δ77,0.013302108
unknown,Δ77,0.065291114
vax_with_bivalent,Δ77,-0.109612614
vax_with_rna,Δ77,-0.001483833
Alpha,Δ78,-0.049233485
Beta,Δ78,0.013149871
Delta,Δ78,-0.01540587
Epsilon,Δ78,0.03661183
Gamma,Δ78,0.049623873
Iota,Δ78,0.023056846
Lambda,Δ78,-0.04272977
Mu,Δ78,-0.061534118
Omicron/BA.1,Δ78,0.030681126
Omicron/BA.2,Δ78,0.0048708245
Omicron/BA.4+,Δ78,0.060123898
Wild Type,Δ78,-0.04282066
bivalent,Δ78,-0.060561586
bivalent_with_rna,Δ78,-0.05290118
cocktail,Δ78,0.028763844
double_vax,Δ78,0.020290475
inactivated,Δ78,0.075777955
inactivated_with_rna,Δ78,0.0036803964
multiple_rna,Δ78,-0.0037735747
rna,Δ78,-0.05253766
single_vax,Δ78,0.018291183
unknown,Δ78,0.017225964
vax_with_bivalent,Δ78,-0.0042494987
vax_with_rna,Δ78,0.023291359
