Reference,Reference: DOI,Assay,Section,Pre-vaccine Infection,Vaccine,# Shots,Months,Host,Control,Control: NT50 Cmp,Control: NT50 GeoMean,Control: NT50 GSD,Variant,Variant: Pos,Variant: Mutations,# Results,Potency: NT50 Cmp,Potency: NT50 GeoMean,Potency: NT50 GSD,Fold Reduction: Cmp,Fold Reduction: Median
Uriu23,10.1016/S1473-3099(23)00051-8,Pseudovirus (lentivirus),Supplementary Table 4,Omicron/BA.2,BNT162b2,2,2-6m,Human,Wild Type (B.1),=,11653.0,1.0,Omicron/XBB.1,19,T19I + L24S + Δ25-27 + V83A + G142D + Δ144 + H146Q + Q183E + V213E + G252V + G339H + R346T + L368I + S371F + S373P + S375F + T376A + D405N + R408S + K417N + N440K + V445P + G446S + N460K + S477N + T478K + E484A + F486S + F490S + Q498R + N501Y + Y505H + H655Y + N679K + P681H + N764K + D796Y + Q954H + N969K,1,<,120.0,1.0,>,97.1